    unsorted:	 1.158288265e-14 -1.394805751e-13 6.762096829e-07 6.319457743e-06 685.1783858 685.1783859 1819.721985 1783.836303 1761.339620 1745.513865 1869.952559 1695.350692 1648.091410 1897.572698 1922.082515 1583.845920 1536.711796 1498.291918 1419.680109 1401.612625 1350.526067 1987.239701 2002.118416 1284.114695 1206.902745 1064.816281 2219.561425 867.7784502 35.69030241 40.61099167 46.01849198 17.79860814 92.35690956 382.6921535 2640.909059 33746.12986 35755.67864 36171.12694 31840.95639 30793.91547 30333.80141 28658.66600 38137.49981 40084.17100 40845.63485 23804.76610 23499.41154 44782.91289 46084.72624 47176.76173 47662.66322 15112.30839 53670.27306 54794.43353 59000.41457 62157.13336 64986.19354 72297.42142 79924.78718 90037.03245 106487.2440 121635.0056 189621.3774
      sorted:	 -1.394805751e-13 1.158288265e-14 6.762096829e-07 6.319457743e-06 17.79860814 35.69030241 40.61099167 46.01849198 92.35690956 382.6921535 685.1783858 685.1783859 867.7784502 1064.816281 1206.902745 1284.114695 1350.526067 1401.612625 1419.680109 1498.291918 1536.711796 1583.845920 1648.091410 1695.350692 1745.513865 1761.339620 1783.836303 1819.721985 1869.952559 1897.572698 1922.082515 1987.239701 2002.118416 2219.561425 2640.909059 15112.30839 23499.41154 23804.76610 28658.66600 30333.80141 30793.91547 31840.95639 33746.12986 35755.67864 36171.12694 38137.49981 40084.17100 40845.63485 44782.91289 46084.72624 47176.76173 47662.66322 53670.27306 54794.43353 59000.41457 62157.13336 64986.19354 72297.42142 79924.78718 90037.03245 106487.2440 121635.0056 189621.3774
