    unsorted:	 -2.339792026e-16 2.720811159e-07 5.054768703e-07 682.0001038 682.0001038 0.01294857236 1306.009729 1383.944762 1402.795827 1285.996188 1241.720228 1498.717345 1515.781916 1569.882516 1601.682122 1137.531745 1111.310223 1064.436184 979.1262442 1728.638973 1847.778038 1816.850046 1872.762852 1915.911329 2007.056869 2061.215492 561.3526310 39.01282579 44.99325617 53.39928722 21.57564379 97.69603238 406.9352607 2179.910769 2719.560234 27119.80837 27529.02992 28528.50041 29371.33254 30712.34715 26049.46285 32415.94639 33192.17783 22112.43074 36801.19233 37362.68018 40781.15668 41659.25347 42159.94566 43046.81275 14710.92206 48948.86197 50822.94939 52260.16346 54833.16964 57884.43604 60237.38707 67025.91436 71556.86031 87124.95072 108605.3504 124334.4948 189510.5646
      sorted:	 -2.339792026e-16 2.720811159e-07 5.054768703e-07 0.01294857236 21.57564379 39.01282579 44.99325617 53.39928722 97.69603238 406.9352607 561.3526310 682.0001038 682.0001038 979.1262442 1064.436184 1111.310223 1137.531745 1241.720228 1285.996188 1306.009729 1383.944762 1402.795827 1498.717345 1515.781916 1569.882516 1601.682122 1728.638973 1816.850046 1847.778038 1872.762852 1915.911329 2007.056869 2061.215492 2179.910769 2719.560234 14710.92206 22112.43074 26049.46285 27119.80837 27529.02992 28528.50041 29371.33254 30712.34715 32415.94639 33192.17783 36801.19233 37362.68018 40781.15668 41659.25347 42159.94566 43046.81275 48948.86197 50822.94939 52260.16346 54833.16964 57884.43604 60237.38707 67025.91436 71556.86031 87124.95072 108605.3504 124334.4948 189510.5646
