    unsorted:	 9.947598301e-14 3.952975072e-05 -4.237329330e-07 675.1744281 675.1743855 73.35382075 61.07480347 53.81447328 120.1212686 114.6449578 1221.490089 1134.948855 1438.512858 1571.782001 1748.272638 2288.605960 2349.638562 2166.691949 2445.562120 2615.160402 2761.546504 3030.004246 3075.799059 3152.453550 3567.228058 3689.356347 3799.556946 3928.620944 4322.992058 4747.858882 4937.315525 5773.640350 8393.915561 23072.40515 23376.60822 24239.00425 24579.48715 20768.70529 16906.72705 25939.01265 27723.35093 29976.20318 32521.74890 35799.63602 39189.37072 41108.46737 42055.32703 44130.81682 44576.85053 49108.34906 55085.82084 59467.79423 63627.54647 70191.57350 75607.30051 79485.43895 81445.88598 101764.0576 130967.4322 189101.4076 240134.9987 2268189.540
      sorted:	 -4.237329330e-07 9.947598301e-14 3.952975072e-05 53.81447328 61.07480347 73.35382075 114.6449578 120.1212686 675.1743855 675.1744281 1134.948855 1221.490089 1438.512858 1571.782001 1748.272638 2166.691949 2288.605960 2349.638562 2445.562120 2615.160402 2761.546504 3030.004246 3075.799059 3152.453550 3567.228058 3689.356347 3799.556946 3928.620944 4322.992058 4747.858882 4937.315525 5773.640350 8393.915561 16906.72705 20768.70529 23072.40515 23376.60822 24239.00425 24579.48715 25939.01265 27723.35093 29976.20318 32521.74890 35799.63602 39189.37072 41108.46737 42055.32703 44130.81682 44576.85053 49108.34906 55085.82084 59467.79423 63627.54647 70191.57350 75607.30051 79485.43895 81445.88598 101764.0576 130967.4322 189101.4076 240134.9987 2268189.540
