    unsorted:	 676.6569200 676.6569203 5.900142924e-05 0.08787120599 1264.579454 1237.821213 1303.210734 1387.451031 79.24569686 62.65972484 56.92430368 121.1737669 117.0290873 1056.652377 817.5409037 455.2023645 1696.523840 1850.584856 1950.724992 2107.735914 2428.867903 2725.035050 2913.218476 3220.254185 3483.052674 3990.472513 4127.148187 4712.441135 4761.493961 5097.738106 5247.974218 6062.997581 7826.411253 22622.16006 22745.46697 21882.78468 20673.14190 19025.46766 24138.39087 25884.17502 26270.69462 27172.68997 32808.32194 32055.11978 33418.92210 37952.26269 40114.65459 41125.55818 46710.64400 52293.31922 56232.07989 58316.80733 63696.53268 75747.17062 86661.83320 95765.16151 105168.0898 130202.7254 188740.3824 352542.3223 -1870447867. 1870561126.
      sorted:	 -1870447867. 5.900142924e-05 0.08787120599 56.92430368 62.65972484 79.24569686 117.0290873 121.1737669 455.2023645 676.6569200 676.6569203 817.5409037 1056.652377 1237.821213 1264.579454 1303.210734 1387.451031 1696.523840 1850.584856 1950.724992 2107.735914 2428.867903 2725.035050 2913.218476 3220.254185 3483.052674 3990.472513 4127.148187 4712.441135 4761.493961 5097.738106 5247.974218 6062.997581 7826.411253 19025.46766 20673.14190 21882.78468 22622.16006 22745.46697 24138.39087 25884.17502 26270.69462 27172.68997 32055.11978 32808.32194 33418.92210 37952.26269 40114.65459 41125.55818 46710.64400 52293.31922 56232.07989 58316.80733 63696.53268 75747.17062 86661.83320 95765.16151 105168.0898 130202.7254 188740.3824 352542.3223 1870561126.
