    unsorted:	 2.958637082e-08 -1.727007660e-07 672.2686178 672.2686179 2.686597381 73.10956569 60.91798012 53.59283440 119.8563214 115.0819171 2276.119329 2232.778307 2397.679102 2122.348435 2540.235215 2691.939250 1710.079308 1513.135495 1403.504684 1146.995085 962.7155040 2955.661085 3006.577385 3085.884613 3560.203418 3502.039252 3729.257365 3858.472467 4247.472758 4683.833100 4862.299831 5665.129919 8332.737732 17059.59476 20878.91623 22731.30934 23203.44362 24103.55257 24433.99492 26112.54153 27717.79871 30002.26192 32586.65135 35687.01424 39056.27311 41219.37439 42043.06143 44338.86674 45288.56611 48763.80695 55513.31805 60006.69710 65131.59337 70999.98151 76323.92999 80021.50834 82330.43551 102430.5581 131230.6395 188979.9932 240894.1025 848373.0112
      sorted:	 -1.727007660e-07 2.958637082e-08 2.686597381 53.59283440 60.91798012 73.10956569 115.0819171 119.8563214 672.2686178 672.2686179 962.7155040 1146.995085 1403.504684 1513.135495 1710.079308 2122.348435 2232.778307 2276.119329 2397.679102 2540.235215 2691.939250 2955.661085 3006.577385 3085.884613 3502.039252 3560.203418 3729.257365 3858.472467 4247.472758 4683.833100 4862.299831 5665.129919 8332.737732 17059.59476 20878.91623 22731.30934 23203.44362 24103.55257 24433.99492 26112.54153 27717.79871 30002.26192 32586.65135 35687.01424 39056.27311 41219.37439 42043.06143 44338.86674 45288.56611 48763.80695 55513.31805 60006.69710 65131.59337 70999.98151 76323.92999 80021.50834 82330.43551 102430.5581 131230.6395 188979.9932 240894.1025 848373.0112
