    unsorted:	 -2.212119378e-13 8.754338047e-09 1.360014032e-06 668.0383562 668.0383562 4.646621041 72.80659987 60.72136879 53.22413871 119.4787524 115.4341700 662.8074627 2183.702769 2162.061628 2064.329008 2335.842974 2443.546178 2598.050568 1664.359201 1447.150187 1352.446053 1094.565956 2862.503149 2924.207973 2999.821073 3381.113061 3436.196652 3644.850692 3770.783974 4153.060142 4604.600218 4767.777353 5544.738566 8310.855652 17317.97033 21000.13044 22208.82637 23000.86416 23920.14264 24245.59415 26359.50777 27735.53110 30084.46755 32631.66871 35529.96949 38697.49024 41369.52406 41957.24848 44614.64671 46451.79388 48344.81904 56061.27065 60724.34658 67565.10259 72156.21422 77275.97494 80755.75469 83926.46073 103539.5556 131616.9018 188800.8449 241862.6341
      sorted:	 -2.212119378e-13 8.754338047e-09 1.360014032e-06 4.646621041 53.22413871 60.72136879 72.80659987 115.4341700 119.4787524 662.8074627 668.0383562 668.0383562 1094.565956 1352.446053 1447.150187 1664.359201 2064.329008 2162.061628 2183.702769 2335.842974 2443.546178 2598.050568 2862.503149 2924.207973 2999.821073 3381.113061 3436.196652 3644.850692 3770.783974 4153.060142 4604.600218 4767.777353 5544.738566 8310.855652 17317.97033 21000.13044 22208.82637 23000.86416 23920.14264 24245.59415 26359.50777 27735.53110 30084.46755 32631.66871 35529.96949 38697.49024 41369.52406 41957.24848 44614.64671 46451.79388 48344.81904 56061.27065 60724.34658 67565.10259 72156.21422 77275.97494 80755.75469 83926.46073 103539.5556 131616.9018 188800.8449 241862.6341
