    unsorted:	 1.171778990e-06 -6.424118308e-07 671.7576329 671.7576325 0.06080568997 73.07009174 60.89247316 53.55236036 119.8106530 115.1440713 2264.126252 2223.646846 2389.822666 2115.040587 2527.856730 2680.230905 1704.016883 1503.923222 1397.579894 1139.970531 927.1420827 2943.573682 2995.616806 3074.912433 3539.798340 3490.610816 3718.151353 3847.096758 4235.217691 4673.492736 4850.079882 5648.348588 8325.470477 17087.58072 20895.87805 22669.48709 23176.70476 24080.68328 24409.97930 26142.07999 27717.86789 30008.38605 32594.87938 35667.65988 39020.89505 41238.37959 42036.08679 44374.17604 45423.90851 48707.25359 55583.49158 60096.78676 65407.01353 71138.65306 76443.60520 80111.76183 82498.70637 102552.0106 131276.7946 188958.5738 241017.2580 3454601.333
      sorted:	 -6.424118308e-07 1.171778990e-06 0.06080568997 53.55236036 60.89247316 73.07009174 115.1440713 119.8106530 671.7576325 671.7576329 927.1420827 1139.970531 1397.579894 1503.923222 1704.016883 2115.040587 2223.646846 2264.126252 2389.822666 2527.856730 2680.230905 2943.573682 2995.616806 3074.912433 3490.610816 3539.798340 3718.151353 3847.096758 4235.217691 4673.492736 4850.079882 5648.348588 8325.470477 17087.58072 20895.87805 22669.48709 23176.70476 24080.68328 24409.97930 26142.07999 27717.86789 30008.38605 32594.87938 35667.65988 39020.89505 41238.37959 42036.08679 44374.17604 45423.90851 48707.25359 55583.49158 60096.78676 65407.01353 71138.65306 76443.60520 80111.76183 82498.70637 102552.0106 131276.7946 188958.5738 241017.2580 3454601.333
