    unsorted:	 -5.684353445e-14 1.616341981e-07 1.239093505e-06 675.6291069 675.6291069 74.12726570 67.73226430 54.85293936 120.4339711 114.6400402 2362.920612 2302.825609 2458.452968 2189.276460 2627.852581 2773.134555 1757.744985 1582.388961 1444.530188 1247.080169 1149.083433 3055.889678 3162.160470 3577.371250 3710.917374 3810.523656 3940.326788 4335.758566 4757.114711 4949.716956 5600.724588 8043.036926 15972.89883 16940.02617 21088.79736 23330.39880 24215.83274 24541.58634 25720.06467 27693.98364 29910.32788 30926.79885 33249.95667 35869.34290 40156.66460 41262.29919 43232.05632 44455.88270 46598.50975 49449.49868 55770.01934 59658.17410 68203.69668 75325.89405 78429.66039 79635.19603 91044.06190 124249.5423 161326.4160 189120.4767 -740671.0415 4258201.151
      sorted:	 -740671.0415 -5.684353445e-14 1.616341981e-07 1.239093505e-06 54.85293936 67.73226430 74.12726570 114.6400402 120.4339711 675.6291069 675.6291069 1149.083433 1247.080169 1444.530188 1582.388961 1757.744985 2189.276460 2302.825609 2362.920612 2458.452968 2627.852581 2773.134555 3055.889678 3162.160470 3577.371250 3710.917374 3810.523656 3940.326788 4335.758566 4757.114711 4949.716956 5600.724588 8043.036926 15972.89883 16940.02617 21088.79736 23330.39880 24215.83274 24541.58634 25720.06467 27693.98364 29910.32788 30926.79885 33249.95667 35869.34290 40156.66460 41262.29919 43232.05632 44455.88270 46598.50975 49449.49868 55770.01934 59658.17410 68203.69668 75325.89405 78429.66039 79635.19603 91044.06190 124249.5423 161326.4160 189120.4767 4258201.151
