    unsorted:	 3.693833711e-14 -6.300542978e-10 3.311292314e-05 657.6814300 657.6814098 71.98269465 60.20611216 51.28153318 96.88685369 116.7788348 319.9603847 588.7899242 999.7491597 1194.034802 1372.159503 1557.231759 2029.766093 2006.701047 1930.729700 2187.717994 2248.527246 2371.443260 2733.611862 2662.411508 2807.651108 3077.013276 3261.817500 3465.922860 3577.296187 3934.505091 4417.207274 4551.621810 5350.728151 10080.37556 9204.710520 21338.08231 20862.44331 19675.93532 22650.38151 23654.25183 23920.20113 27558.12703 28389.66735 33548.75213 33162.28470 35774.83324 36693.39855 41755.12017 41965.37202 45517.02360 46262.05171 52554.94385 57572.02724 62650.04486 73951.17694 77803.28957 79581.06867 83041.27769 95483.08083 117487.2946 132671.5269 188127.9137 246854.9840
      sorted:	 -6.300542978e-10 3.693833711e-14 3.311292314e-05 51.28153318 60.20611216 71.98269465 96.88685369 116.7788348 319.9603847 588.7899242 657.6814098 657.6814300 999.7491597 1194.034802 1372.159503 1557.231759 1930.729700 2006.701047 2029.766093 2187.717994 2248.527246 2371.443260 2662.411508 2733.611862 2807.651108 3077.013276 3261.817500 3465.922860 3577.296187 3934.505091 4417.207274 4551.621810 5350.728151 9204.710520 10080.37556 19675.93532 20862.44331 21338.08231 22650.38151 23654.25183 23920.20113 27558.12703 28389.66735 33162.28470 33548.75213 35774.83324 36693.39855 41755.12017 41965.37202 45517.02360 46262.05171 52554.94385 57572.02724 62650.04486 73951.17694 77803.28957 79581.06867 83041.27769 95483.08083 117487.2946 132671.5269 188127.9137 246854.9840
