    unsorted:	 3.895993644e-07 -8.852911459e-07 0.1704699089 670.7167724 670.7167794 72.99238167 60.84216943 53.46752245 119.7179731 115.2562374 853.9974207 1126.642419 1385.446639 1486.183376 1692.171553 2240.444552 2205.590223 2100.477259 2374.215807 2503.274878 2656.750819 2974.234212 2919.722628 3053.112324 3465.603213 3501.963232 3696.399047 3824.659066 4211.047362 4653.144312 4825.938078 5616.108627 8314.185707 17146.58881 20928.42020 22542.52275 23124.51499 24034.79357 24362.25794 26201.99503 27719.43729 30023.28372 32609.07473 35628.62220 38941.12958 41276.40330 42018.42948 44444.49409 45705.96943 48596.00374 55722.63625 60276.93757 65981.48099 71420.21177 76682.79115 80293.50306 82857.81828 102806.8062 131371.1340 188914.8154 241262.7926 4574156.480
      sorted:	 -8.852911459e-07 3.895993644e-07 0.1704699089 53.46752245 60.84216943 72.99238167 115.2562374 119.7179731 670.7167724 670.7167794 853.9974207 1126.642419 1385.446639 1486.183376 1692.171553 2100.477259 2205.590223 2240.444552 2374.215807 2503.274878 2656.750819 2919.722628 2974.234212 3053.112324 3465.603213 3501.963232 3696.399047 3824.659066 4211.047362 4653.144312 4825.938078 5616.108627 8314.185707 17146.58881 20928.42020 22542.52275 23124.51499 24034.79357 24362.25794 26201.99503 27719.43729 30023.28372 32609.07473 35628.62220 38941.12958 41276.40330 42018.42948 44444.49409 45705.96943 48596.00374 55722.63625 60276.93757 65981.48099 71420.21177 76682.79115 80293.50306 82857.81828 102806.8062 131371.1340 188914.8154 241262.7926 4574156.480
