    unsorted:	 -3.657036521e-14 1.366014061e-06 667.4980113 667.4980113 -12.76258449 72.76710903 60.63772388 53.17019726 119.4266491 115.5893476 623.4347199 2172.919510 2153.676314 2057.150062 2328.105840 2432.027772 2586.396927 1440.455611 1345.276626 1659.139133 1088.181572 2850.361842 2901.156877 2989.199949 3362.676180 3426.104259 3634.994955 3760.477359 4141.980830 4595.310095 4756.617169 5528.468500 8313.215282 17355.76154 21007.73811 22122.55380 22977.06874 23897.36767 24222.88310 26390.31734 27740.88757 30102.66284 32628.85509 35508.85999 38631.07984 41385.95252 41936.42972 44642.34167 46594.18239 48302.77685 56121.83865 60808.66501 67841.48631 72267.80280 77392.45839 80849.41148 84177.28351 103673.5765 131652.1981 188777.4543 241572.7074 8.629464250e+14
      sorted:	 -12.76258449 -3.657036521e-14 1.366014061e-06 53.17019726 60.63772388 72.76710903 115.5893476 119.4266491 623.4347199 667.4980113 667.4980113 1088.181572 1345.276626 1440.455611 1659.139133 2057.150062 2153.676314 2172.919510 2328.105840 2432.027772 2586.396927 2850.361842 2901.156877 2989.199949 3362.676180 3426.104259 3634.994955 3760.477359 4141.980830 4595.310095 4756.617169 5528.468500 8313.215282 17355.76154 21007.73811 22122.55380 22977.06874 23897.36767 24222.88310 26390.31734 27740.88757 30102.66284 32628.85509 35508.85999 38631.07984 41385.95252 41936.42972 44642.34167 46594.18239 48302.77685 56121.83865 60808.66501 67841.48631 72267.80280 77392.45839 80849.41148 84177.28351 103673.5765 131652.1981 188777.4543 241572.7074 8.629464250e+14
