    unsorted:	 -2.397642220e-22 2.023852381e-14 1.229630677e-06 4.046759339e-05 676.0683123 676.0735999 73.43907286 61.12843395 53.88275015 120.2071285 114.4801188 1277.182755 1159.808859 1450.205431 1592.249458 1761.928182 2307.510764 2374.210530 2181.866065 2461.822210 2639.945140 2784.256446 3055.098156 3099.772940 3174.446002 3588.953092 3733.694466 3825.199064 3952.423844 4348.778778 4769.807445 4962.477311 5812.803746 8420.200343 23171.20409 23441.26950 24282.77833 24627.12140 20728.76954 16860.10840 25881.91034 27726.63094 29969.92074 32494.73418 35836.95223 39196.53532 41073.70761 42049.72883 44066.98133 44382.72407 49223.27963 54941.01120 59290.04257 63179.01307 69931.22395 75370.46520 79307.06596 81189.66887 101559.9376 130885.9028 189138.9767 239882.0883
      sorted:	 -2.397642220e-22 2.023852381e-14 1.229630677e-06 4.046759339e-05 53.88275015 61.12843395 73.43907286 114.4801188 120.2071285 676.0683123 676.0735999 1159.808859 1277.182755 1450.205431 1592.249458 1761.928182 2181.866065 2307.510764 2374.210530 2461.822210 2639.945140 2784.256446 3055.098156 3099.772940 3174.446002 3588.953092 3733.694466 3825.199064 3952.423844 4348.778778 4769.807445 4962.477311 5812.803746 8420.200343 16860.10840 20728.76954 23171.20409 23441.26950 24282.77833 24627.12140 25881.91034 27726.63094 29969.92074 32494.73418 35836.95223 39196.53532 41073.70761 42049.72883 44066.98133 44382.72407 49223.27963 54941.01120 59290.04257 63179.01307 69931.22395 75370.46520 79307.06596 81189.66887 101559.9376 130885.9028 189138.9767 239882.0883
