    unsorted:	 1.474984447e-13 1.346506915e-06 669.1182156 669.1182161 -2.502899603 72.87927102 60.76736468 53.32658479 119.5743254 115.3496607 740.4806385 2205.883733 2179.147489 2078.723703 2351.059750 2467.043522 2621.472272 1461.712329 1675.135716 1366.181003 1107.324731 2884.846637 2943.504079 3020.879096 3417.702139 3458.264823 3664.944351 3791.900178 4175.774817 4623.562442 4790.603633 5569.805259 8306.498816 17244.15881 20972.01272 22343.17356 23049.12628 23965.84989 24291.68418 26293.79477 27725.99886 30054.59599 32619.52727 35568.63851 38801.53489 41332.00357 41980.74823 44546.36374 46146.53896 48437.41397 55926.54635 60545.38307 66890.94356 71847.60728 77039.97593 80569.48840 83463.76870 103220.7142 131515.4386 188847.1124 241559.4589 3.433836937e+13
      sorted:	 -2.502899603 1.474984447e-13 1.346506915e-06 53.32658479 60.76736468 72.87927102 115.3496607 119.5743254 669.1182156 669.1182161 740.4806385 1107.324731 1366.181003 1461.712329 1675.135716 2078.723703 2179.147489 2205.883733 2351.059750 2467.043522 2621.472272 2884.846637 2943.504079 3020.879096 3417.702139 3458.264823 3664.944351 3791.900178 4175.774817 4623.562442 4790.603633 5569.805259 8306.498816 17244.15881 20972.01272 22343.17356 23049.12628 23965.84989 24291.68418 26293.79477 27725.99886 30054.59599 32619.52727 35568.63851 38801.53489 41332.00357 41980.74823 44546.36374 46146.53896 48437.41397 55926.54635 60545.38307 66890.94356 71847.60728 77039.97593 80569.48840 83463.76870 103220.7142 131515.4386 188847.1124 241559.4589 3.433836937e+13
