    unsorted:	 8.162914790e-14 -2.848203290e-07 3.998333499e-05 670.1878317 670.1883595 72.95430870 60.81745173 53.42299182 119.6709187 115.3050151 816.5671940 1120.172904 1379.205698 1477.726559 1686.417458 2228.813541 2196.690242 2093.226431 2366.477484 2491.141761 2645.031466 2963.840983 2907.988815 3042.330839 3451.154280 3485.462767 3685.783400 3813.638713 4199.163308 4643.155459 4814.061902 5600.708295 8310.367387 17177.82094 20943.96154 22477.50358 23098.98629 24011.87838 24338.64507 26232.50395 27721.08249 30032.41576 32615.04065 35608.78469 38897.14111 41295.39700 42007.76572 44479.34656 45851.72873 48541.75771 55791.50313 60367.01684 66280.91112 71563.42852 76802.17999 80385.08141 83050.01802 102941.1117 131419.2234 188892.5117 241385.4665 3045836.209
      sorted:	 -2.848203290e-07 8.162914790e-14 3.998333499e-05 53.42299182 60.81745173 72.95430870 115.3050151 119.6709187 670.1878317 670.1883595 816.5671940 1120.172904 1379.205698 1477.726559 1686.417458 2093.226431 2196.690242 2228.813541 2366.477484 2491.141761 2645.031466 2907.988815 2963.840983 3042.330839 3451.154280 3485.462767 3685.783400 3813.638713 4199.163308 4643.155459 4814.061902 5600.708295 8310.367387 17177.82094 20943.96154 22477.50358 23098.98629 24011.87838 24338.64507 26232.50395 27721.08249 30032.41576 32615.04065 35608.78469 38897.14111 41295.39700 42007.76572 44479.34656 45851.72873 48541.75771 55791.50313 60367.01684 66280.91112 71563.42852 76802.17999 80385.08141 83050.01802 102941.1117 131419.2234 188892.5117 241385.4665 3045836.209
