    unsorted:	 2.794537437e-15 1.625981742e-06 1.266912038e-06 0.04241943652 674.2386638 674.2386631 73.27108059 61.02188980 53.74409771 120.0346217 114.8011435 2269.834162 2324.889980 2429.457580 2151.798443 2590.112572 2738.481135 1735.203617 1551.707895 1426.808199 1184.556346 1091.304437 3004.915921 3052.101108 3130.150415 3545.669036 3645.756259 3775.320141 3904.903787 4297.473841 4726.167629 4912.024132 5736.103378 8370.606659 16955.35205 22965.23679 23315.89527 20806.94947 24194.24802 24530.81003 25996.28414 27720.68172 29983.42374 32546.27967 35762.80566 39162.01563 41144.50576 42056.99610 44198.55999 44793.26195 48993.02977 55229.39205 59646.97244 64102.32072 70456.94589 75845.72241 79663.38733 81719.67138 101976.1242 131052.6023 189062.3454 240392.5367
      sorted:	 2.794537437e-15 1.266912038e-06 1.625981742e-06 0.04241943652 53.74409771 61.02188980 73.27108059 114.8011435 120.0346217 674.2386631 674.2386638 1091.304437 1184.556346 1426.808199 1551.707895 1735.203617 2151.798443 2269.834162 2324.889980 2429.457580 2590.112572 2738.481135 3004.915921 3052.101108 3130.150415 3545.669036 3645.756259 3775.320141 3904.903787 4297.473841 4726.167629 4912.024132 5736.103378 8370.606659 16955.35205 20806.94947 22965.23679 23315.89527 24194.24802 24530.81003 25996.28414 27720.68172 29983.42374 32546.27967 35762.80566 39162.01563 41144.50576 42056.99610 44198.55999 44793.26195 48993.02977 55229.39205 59646.97244 64102.32072 70456.94589 75845.72241 79663.38733 81719.67138 101976.1242 131052.6023 189062.3454 240392.5367
