    unsorted:	 1.136868246e-13 2.111796665e-08 1.335862839e-06 669.6549650 669.6549650 73.59496931 67.30186120 54.37081985 119.8842213 115.4190969 2219.392562 2193.638710 2097.949371 2362.994547 2479.284335 2633.339368 1683.349629 1469.683212 1372.836615 1113.758160 779.9794990 2903.646901 3030.390832 3434.693206 3470.467639 3673.605300 3802.490114 4187.243949 4631.579313 4801.896598 5384.957623 7941.494767 14778.94907 17249.63863 21177.10459 23044.06635 23959.50806 24285.48045 25795.77320 27723.37252 29914.02228 30120.18037 32916.54588 35629.07130 41449.60589 40636.07435 42966.38772 45497.07815 47371.58067 49201.32158 56647.47399 60816.21719 69844.36703 76857.39774 80474.53942 82071.49538 92396.08172 124184.8418 158090.9210 188870.1663 -1854693.450 2049828.674
      sorted:	 -1854693.450 1.136868246e-13 2.111796665e-08 1.335862839e-06 54.37081985 67.30186120 73.59496931 115.4190969 119.8842213 669.6549650 669.6549650 779.9794990 1113.758160 1372.836615 1469.683212 1683.349629 2097.949371 2193.638710 2219.392562 2362.994547 2479.284335 2633.339368 2903.646901 3030.390832 3434.693206 3470.467639 3673.605300 3802.490114 4187.243949 4631.579313 4801.896598 5384.957623 7941.494767 14778.94907 17249.63863 21177.10459 23044.06635 23959.50806 24285.48045 25795.77320 27723.37252 29914.02228 30120.18037 32916.54588 35629.07130 40636.07435 41449.60589 42966.38772 45497.07815 47371.58067 49201.32158 56647.47399 60816.21719 69844.36703 76857.39774 80474.53942 82071.49538 92396.08172 124184.8418 158090.9210 188870.1663 2049828.674
