    unsorted:	 1.705302193e-13 3.318028961e-08 1.200451562e-06 677.3546194 677.3546194 74.27680909 67.72863606 54.97296760 120.5964886 114.2952794 2413.034624 2340.521541 2491.430510 2220.045616 2678.033673 2818.758625 1785.191778 1624.387940 1469.889539 1367.773623 1181.527401 3109.495002 3206.991722 3621.018467 3794.532962 3865.318538 3989.005222 4387.970009 4801.681745 5001.309607 5676.856803 8082.678802 15760.29958 16835.54369 21032.00815 23426.94121 24295.88692 24619.76288 25667.30059 27672.10535 29849.52622 30649.36314 33123.92355 35934.16002 39837.61504 41173.47202 43261.47563 44129.77649 46005.48824 49599.01242 55415.73520 59274.83517 67595.20030 74788.85168 77234.05558 79302.86513 89694.45697 122893.1669 155373.9789 189192.5515 -1881094494. 1881240851.
      sorted:	 -1881094494. 1.705302193e-13 3.318028961e-08 1.200451562e-06 54.97296760 67.72863606 74.27680909 114.2952794 120.5964886 677.3546194 677.3546194 1181.527401 1367.773623 1469.889539 1624.387940 1785.191778 2220.045616 2340.521541 2413.034624 2491.430510 2678.033673 2818.758625 3109.495002 3206.991722 3621.018467 3794.532962 3865.318538 3989.005222 4387.970009 4801.681745 5001.309607 5676.856803 8082.678802 15760.29958 16835.54369 21032.00815 23426.94121 24295.88692 24619.76288 25667.30059 27672.10535 29849.52622 30649.36314 33123.92355 35934.16002 39837.61504 41173.47202 43261.47563 44129.77649 46005.48824 49599.01242 55415.73520 59274.83517 67595.20030 74788.85168 77234.05558 79302.86513 89694.45697 122893.1669 155373.9789 189192.5515 1881240851.
