    unsorted:	 -1.136868377e-13 676.9375376 676.9375377 9.758307942e-09 1.211576432e-06 74.23309380 67.70469558 120.5552193 114.3838681 54.94203107 2400.444266 2331.052295 2483.124672 2212.296151 2665.490747 2807.398566 1778.205107 1613.708998 1463.174874 1336.695468 1175.229454 3096.000153 3195.755430 3610.047038 3774.350303 3850.706946 3976.716231 4374.817016 4790.427006 4988.324708 5656.560464 8068.699031 15708.81800 16856.50790 21041.99833 23402.66351 24275.67165 24599.99963 25677.79993 27676.79144 29851.96492 30616.43432 33112.01098 35916.53054 39910.22343 41193.71285 43241.64535 44206.24369 46073.70909 49549.71437 55493.08595 59367.38295 67727.99552 74918.43713 77474.83636 79376.81980 89830.43019 122974.0478 155554.7772 189175.1062 -1885132991. 1885279266.
      sorted:	 -1885132991. -1.136868377e-13 9.758307942e-09 1.211576432e-06 54.94203107 67.70469558 74.23309380 114.3838681 120.5552193 676.9375376 676.9375377 1175.229454 1336.695468 1463.174874 1613.708998 1778.205107 2212.296151 2331.052295 2400.444266 2483.124672 2665.490747 2807.398566 3096.000153 3195.755430 3610.047038 3774.350303 3850.706946 3976.716231 4374.817016 4790.427006 4988.324708 5656.560464 8068.699031 15708.81800 16856.50790 21041.99833 23402.66351 24275.67165 24599.99963 25677.79993 27676.79144 29851.96492 30616.43432 33112.01098 35916.53054 39910.22343 41193.71285 43241.64535 44206.24369 46073.70909 49549.71437 55493.08595 59367.38295 67727.99552 74918.43713 77474.83636 79376.81980 89830.43019 122974.0478 155554.7772 189175.1062 1885279266.
