    unsorted:	 -1.874542188e-14 6.362181079e-07 3.921184752e-05 673.2624803 673.2611577 73.19130370 60.96977086 53.67159136 119.9463019 114.9466659 1030.865947 1162.799935 1415.337185 1532.139150 1722.800261 2300.572171 2251.514944 2137.287130 2413.630612 2565.429934 2715.559903 3029.143058 2980.274189 3108.477800 3602.438765 3524.136542 3752.125028 3881.786383 4272.392101 4704.965657 4887.199525 5699.967507 8350.071241 17006.04118 20843.74384 22851.24188 23258.26658 24149.08641 24482.79299 26054.28553 27718.07781 29991.32560 32568.28571 35726.21001 39116.88461 41181.62272 42052.70508 44268.38426 45031.04352 48878.00627 55372.58035 59828.14112 64603.43636 -31875.58107 70726.21314 76084.86567 79842.33225 82013.30284 102198.4048 131139.2285 189021.8284 240644.7143
      sorted:	 -31875.58107 -1.874542188e-14 6.362181079e-07 3.921184752e-05 53.67159136 60.96977086 73.19130370 114.9466659 119.9463019 673.2611577 673.2624803 1030.865947 1162.799935 1415.337185 1532.139150 1722.800261 2137.287130 2251.514944 2300.572171 2413.630612 2565.429934 2715.559903 2980.274189 3029.143058 3108.477800 3524.136542 3602.438765 3752.125028 3881.786383 4272.392101 4704.965657 4887.199525 5699.967507 8350.071241 17006.04118 20843.74384 22851.24188 23258.26658 24149.08641 24482.79299 26054.28553 27718.07781 29991.32560 32568.28571 35726.21001 39116.88461 41181.62272 42052.70508 44268.38426 45031.04352 48878.00627 55372.58035 59828.14112 64603.43636 70726.21314 76084.86567 79842.33225 82013.30284 102198.4048 131139.2285 189021.8284 240644.7143
