    unsorted:	 3.180790105e-14 -6.809132376e-07 3.914364862e-05 672.7749967 672.7755001 73.14891392 60.94352036 53.63177009 119.9015423 115.0160610 2288.170538 2241.855435 2405.560339 2129.622414 2552.579387 2703.536243 1716.081828 1522.550243 1409.350632 1154.481588 997.4243487 2967.812803 3017.651271 3096.718462 3581.170739 3513.088070 3740.456010 3869.880259 4259.810678 4694.249337 4874.591922 5682.242158 8340.972392 17032.38359 20861.46558 22791.82446 23230.74135 24126.28442 24458.05141 26083.15516 27718.08346 29996.66254 32577.55173 35706.33164 39088.27683 41200.41701 42048.88116 44303.21105 45157.46236 48820.74928 55442.43898 59916.37975 64863.40999 70861.84710 76204.43820 79931.21507 82169.09302 102312.2427 131185.1541 189001.0949 240768.3476 5157813.992
      sorted:	 -6.809132376e-07 3.180790105e-14 3.914364862e-05 53.63177009 60.94352036 73.14891392 115.0160610 119.9015423 672.7749967 672.7755001 997.4243487 1154.481588 1409.350632 1522.550243 1716.081828 2129.622414 2241.855435 2288.170538 2405.560339 2552.579387 2703.536243 2967.812803 3017.651271 3096.718462 3513.088070 3581.170739 3740.456010 3869.880259 4259.810678 4694.249337 4874.591922 5682.242158 8340.972392 17032.38359 20861.46558 22791.82446 23230.74135 24126.28442 24458.05141 26083.15516 27718.08346 29996.66254 32577.55173 35706.33164 39088.27683 41200.41701 42048.88116 44303.21105 45157.46236 48820.74928 55442.43898 59916.37975 64863.40999 70861.84710 76204.43820 79931.21507 82169.09302 102312.2427 131185.1541 189001.0949 240768.3476 5157813.992
