    unsorted:	 1.245186407e-15 1.353524719e-06 668.5789264 668.5789265 -0.03461738358 72.84182950 60.72918410 53.27188679 119.5268611 115.4140668 701.8126736 2194.673361 2170.493017 2071.425086 2343.399144 2455.212747 2609.741564 1669.679378 1454.241224 1359.413159 1100.944095 2872.874203 2928.505509 3010.222231 3399.556487 3446.807464 3654.794936 3781.259978 4164.327607 4613.995752 4779.106656 5557.508363 8307.751489 17280.32530 20986.85808 22275.91325 23024.75008 23942.93202 24268.50417 26326.66459 27730.49502 30068.48529 32628.53911 35549.70465 38749.75043 41351.26775 41970.88131 44581.28053 46301.01313 48389.49031 55994.52292 60635.32276 67228.03600 72002.43364 77158.31510 80662.39014 83688.56360 103376.5293 131565.6806 188824.0747 241727.6525 8.491718558e+10
      sorted:	 -0.03461738358 1.245186407e-15 1.353524719e-06 53.27188679 60.72918410 72.84182950 115.4140668 119.5268611 668.5789264 668.5789265 701.8126736 1100.944095 1359.413159 1454.241224 1669.679378 2071.425086 2170.493017 2194.673361 2343.399144 2455.212747 2609.741564 2872.874203 2928.505509 3010.222231 3399.556487 3446.807464 3654.794936 3781.259978 4164.327607 4613.995752 4779.106656 5557.508363 8307.751489 17280.32530 20986.85808 22275.91325 23024.75008 23942.93202 24268.50417 26326.66459 27730.49502 30068.48529 32628.53911 35549.70465 38749.75043 41351.26775 41970.88131 44581.28053 46301.01313 48389.49031 55994.52292 60635.32276 67228.03600 72002.43364 77158.31510 80662.39014 83688.56360 103376.5293 131565.6806 188824.0747 241727.6525 8.491718558e+10
