    unsorted:	 671.2401637 671.2401636 1.704570585e-09 -0.01771379218 73.02901802 60.82874523 53.49763691 119.7631621 115.2020204 2252.203722 2214.468377 2381.896879 2107.479741 2515.526746 2668.495064 1698.008304 1494.927445 1391.567823 1133.223220 890.8584638 2928.585145 2973.303590 3063.808291 3520.237362 3478.577210 3707.171119 3835.820281 4223.072042 4663.250843 4837.955306 -1794.860852 5631.164006 8318.455268 17116.54739 20911.85175 22603.38630 23150.18093 24057.68839 24385.99301 26171.55176 27718.43109 30015.43797 32602.29313 35648.20939 38980.44500 41257.28920 42027.32933 44408.74217 45563.01935 48651.09126 55652.36490 60186.29428 65681.78097 71274.54817 76563.13036 80202.49344 82673.02246 102670.1358 131320.5318 188936.8432 241092.8172 3.439382335e+10
      sorted:	 -1794.860852 -0.01771379218 1.704570585e-09 53.49763691 60.82874523 73.02901802 115.2020204 119.7631621 671.2401636 671.2401637 890.8584638 1133.223220 1391.567823 1494.927445 1698.008304 2107.479741 2214.468377 2252.203722 2381.896879 2515.526746 2668.495064 2928.585145 2973.303590 3063.808291 3478.577210 3520.237362 3707.171119 3835.820281 4223.072042 4663.250843 4837.955306 5631.164006 8318.455268 17116.54739 20911.85175 22603.38630 23150.18093 24057.68839 24385.99301 26171.55176 27718.43109 30015.43797 32602.29313 35648.20939 38980.44500 41257.28920 42027.32933 44408.74217 45563.01935 48651.09126 55652.36490 60186.29428 65681.78097 71274.54817 76563.13036 80202.49344 82673.02246 102670.1358 131320.5318 188936.8432 241092.8172 3.439382335e+10
