    unsorted:	 1.136863269e-13 1.257867352e-06 4.435098052e-06 0.01772389893 674.7109060 674.7109059 73.31228172 61.04829731 53.77970027 120.0781356 114.7242077 1200.522864 1115.815870 1432.644622 1561.691697 1741.696308 2279.203458 2337.246367 2159.226284 2437.490710 2602.638007 2750.035340 3017.428653 3063.879916 3141.295311 3556.442246 3667.535327 3787.314735 3916.726128 4310.194035 4736.973299 4924.642876 5754.709391 8381.935680 16930.81367 23019.77902 23345.79344 20788.00970 24216.68309 24555.15217 25967.60060 27721.98568 29979.75815 32534.37811 35781.31628 39178.08381 41126.33862 42056.86185 44164.42065 44682.31510 49050.68081 55157.73647 59557.31865 63861.83428 70323.83878 75726.44755 79574.43312 81580.45510 101869.0142 131009.7607 189082.0584 240265.5684
      sorted:	 1.136863269e-13 1.257867352e-06 4.435098052e-06 0.01772389893 53.77970027 61.04829731 73.31228172 114.7242077 120.0781356 674.7109059 674.7109060 1115.815870 1200.522864 1432.644622 1561.691697 1741.696308 2159.226284 2279.203458 2337.246367 2437.490710 2602.638007 2750.035340 3017.428653 3063.879916 3141.295311 3556.442246 3667.535327 3787.314735 3916.726128 4310.194035 4736.973299 4924.642876 5754.709391 8381.935680 16930.81367 20788.00970 23019.77902 23345.79344 24216.68309 24555.15217 25967.60060 27721.98568 29979.75815 32534.37811 35781.31628 39178.08381 41126.33862 42056.86185 44164.42065 44682.31510 49050.68081 55157.73647 59557.31865 63861.83428 70323.83878 75726.44755 79574.43312 81580.45510 101869.0142 131009.7607 189082.0584 240265.5684
