    unsorted:	 -7.391892047e-10 1.616284191e-06 673.7579965 673.7579967 0.04279689652 73.23019383 60.99564570 53.70768485 119.9906903 114.8755958 2260.502196 2312.592858 2421.460004 2144.398904 2577.603685 2726.893487 1728.794498 1541.845628 1420.997183 1172.457950 1062.500091 2992.478299 3040.476955 3119.034297 3624.046559 3534.884989 3763.536612 3893.164452 4284.837219 4715.447071 4899.476421 5717.824368 8359.962182 16980.42475 20825.52418 22908.98293 23286.80947 24171.70985 24506.51264 26025.10760 27719.57276 29987.43941 32557.46962 35744.11297 39141.49818 41162.94610 42055.68632 44233.22812 44909.58321 48935.45393 55300.80141 59736.75552 64349.28797 70591.06682 75965.13289 79752.53807 81863.90547 102085.5985 131096.1080 189042.2747 240518.9473 742398.7080
      sorted:	 -7.391892047e-10 1.616284191e-06 0.04279689652 53.70768485 60.99564570 73.23019383 114.8755958 119.9906903 673.7579965 673.7579967 1062.500091 1172.457950 1420.997183 1541.845628 1728.794498 2144.398904 2260.502196 2312.592858 2421.460004 2577.603685 2726.893487 2992.478299 3040.476955 3119.034297 3534.884989 3624.046559 3763.536612 3893.164452 4284.837219 4715.447071 4899.476421 5717.824368 8359.962182 16980.42475 20825.52418 22908.98293 23286.80947 24171.70985 24506.51264 26025.10760 27719.57276 29987.43941 32557.46962 35744.11297 39141.49818 41162.94610 42055.68632 44233.22812 44909.58321 48935.45393 55300.80141 59736.75552 64349.28797 70591.06682 75965.13289 79752.53807 81863.90547 102085.5985 131096.1080 189042.2747 240518.9473 742398.7080
