    unsorted:	 0.000000000 684.6885361 684.6885361 3.875135630e-08 5.862034677e-07 0.04144874762 36.76213179 41.83895023 46.45158264 18.54978151 93.03639342 1333.422123 1354.544503 1389.814643 1305.676179 1483.887343 1501.971045 1601.743924 1654.923260 1692.800307 1760.144943 1823.721987 1867.943268 1893.708805 1916.312066 1189.973134 1974.402446 2024.853178 1086.570461 2066.589806 789.0936093 2231.193148 381.0727086 2675.075929 35081.23134 35265.63234 33176.92569 31039.92209 30127.74945 29553.15358 28155.71243 24764.13012 23268.95603 39529.69192 38549.14150 40211.82606 43497.07518 14860.26053 45648.30226 48772.84185 52066.02870 53210.49346 55328.62121 58960.54051 62157.62820 68033.88545 74635.76444 84330.79640 104027.0078 118914.0788 197192.3812
      sorted:	 0.000000000 3.875135630e-08 5.862034677e-07 0.04144874762 18.54978151 36.76213179 41.83895023 46.45158264 93.03639342 381.0727086 684.6885361 684.6885361 789.0936093 1086.570461 1189.973134 1305.676179 1333.422123 1354.544503 1389.814643 1483.887343 1501.971045 1601.743924 1654.923260 1692.800307 1760.144943 1823.721987 1867.943268 1893.708805 1916.312066 1974.402446 2024.853178 2066.589806 2231.193148 2675.075929 14860.26053 23268.95603 24764.13012 28155.71243 29553.15358 30127.74945 31039.92209 33176.92569 35081.23134 35265.63234 38549.14150 39529.69192 40211.82606 43497.07518 45648.30226 48772.84185 52066.02870 53210.49346 55328.62121 58960.54051 62157.62820 68033.88545 74635.76444 84330.79640 104027.0078 118914.0788 197192.3812
