    unsorted:	 1.835925343e-09 6.617476979e-07 0.0002498595899 0.002606864137 684.6397614 684.6397614 37.05847430 40.87803028 44.97438492 18.08200051 92.07054082 1351.347632 1345.714732 1330.976573 1439.286790 1491.691265 1529.744534 1625.708494 1170.048573 1126.374103 1698.391466 1803.162423 1852.201375 1915.081724 1947.276759 1957.753363 2052.385016 2074.408089 2164.713120 775.8883635 2273.477092 372.4774630 2688.597807 29633.63211 30241.11746 31147.77839 28153.96549 33376.40947 34939.99432 35221.36571 25055.39777 23250.14114 38357.65692 39241.67153 40412.50040 42871.87741 14592.48678 45120.23571 49014.23633 51396.61079 52459.89938 58234.66753 61670.92742 65529.13261 72676.59658 79828.18960 101590.5019 115496.1366 205398.1363
      sorted:	 1.835925343e-09 6.617476979e-07 0.0002498595899 0.002606864137 18.08200051 37.05847430 40.87803028 44.97438492 92.07054082 372.4774630 684.6397614 684.6397614 775.8883635 1126.374103 1170.048573 1330.976573 1345.714732 1351.347632 1439.286790 1491.691265 1529.744534 1625.708494 1698.391466 1803.162423 1852.201375 1915.081724 1947.276759 1957.753363 2052.385016 2074.408089 2164.713120 2273.477092 2688.597807 14592.48678 23250.14114 25055.39777 28153.96549 29633.63211 30241.11746 31147.77839 33376.40947 34939.99432 35221.36571 38357.65692 39241.67153 40412.50040 42871.87741 45120.23571 49014.23633 51396.61079 52459.89938 58234.66753 61670.92742 65529.13261 72676.59658 79828.18960 101590.5019 115496.1366 205398.1363
