    unsorted:	 2.414315183e-14 4.130430281e-08 6.692083861e-07 2.692743346e-05 684.7991411 684.7992297 1795.191409 1800.753259 1700.137340 1720.664249 1668.343240 1861.381201 1871.417732 1599.069865 1557.043168 1503.231298 1452.042329 1913.672093 1383.316970 1345.627682 1300.809861 1277.591174 1995.520364 2000.297607 1154.588752 1057.971765 2204.160839 799.8623780 36.55503395 41.79230684 47.80611740 18.80082107 93.74892912 388.2548771 2663.255318 32981.68652 34928.17421 35382.65879 31174.28470 30147.66519 29556.75089 28169.70519 38625.93079 39634.32021 40133.63515 24352.05693 23294.52516 43983.96017 44928.98220 46075.46476 48479.51451 15010.04658 52682.23762 54011.20600 58494.60270 61435.01223 62832.98787 70838.83816 77091.46563 89211.99452 106871.5741 122237.2344 189611.5743
      sorted:	 2.414315183e-14 4.130430281e-08 6.692083861e-07 2.692743346e-05 18.80082107 36.55503395 41.79230684 47.80611740 93.74892912 388.2548771 684.7991411 684.7992297 799.8623780 1057.971765 1154.588752 1277.591174 1300.809861 1345.627682 1383.316970 1452.042329 1503.231298 1557.043168 1599.069865 1668.343240 1700.137340 1720.664249 1795.191409 1800.753259 1861.381201 1871.417732 1913.672093 1995.520364 2000.297607 2204.160839 2663.255318 15010.04658 23294.52516 24352.05693 28169.70519 29556.75089 30147.66519 31174.28470 32981.68652 34928.17421 35382.65879 38625.93079 39634.32021 40133.63515 43983.96017 44928.98220 46075.46476 48479.51451 52682.23762 54011.20600 58494.60270 61435.01223 62832.98787 70838.83816 77091.46563 89211.99452 106871.5741 122237.2344 189611.5743
