    unsorted:	 3.544841222e-22 -8.336718703e-14 4.584462213e-07 5.852529564e-06 684.6381077 684.6365327 1344.176573 1320.342504 1395.174850 1275.893538 1479.408034 1504.152070 1623.099656 1179.921238 1708.188469 1818.444873 1886.384631 1963.881557 1941.476085 1990.493073 2090.092408 2131.344781 2210.523498 2324.923156 761.3119499 37.06550320 38.26746413 45.06614842 17.69465426 91.36794292 363.4385577 2707.979515 30331.19427 29739.55134 31125.26206 28210.81937 33500.00028 34971.97589 25393.88722 23235.41934 38093.84071 38997.52382 40555.88461 42322.55548 44501.35026 14518.95231 49479.45461 48392.77822 50898.99698 52876.54746 61307.48442 60792.47650 70722.51813 75224.75393 99317.21769 111981.5577 214325.8502
      sorted:	 -8.336718703e-14 3.544841222e-22 4.584462213e-07 5.852529564e-06 17.69465426 37.06550320 38.26746413 45.06614842 91.36794292 363.4385577 684.6365327 684.6381077 761.3119499 1179.921238 1275.893538 1320.342504 1344.176573 1395.174850 1479.408034 1504.152070 1623.099656 1708.188469 1818.444873 1886.384631 1941.476085 1963.881557 1990.493073 2090.092408 2131.344781 2210.523498 2324.923156 2707.979515 14518.95231 23235.41934 25393.88722 28210.81937 29739.55134 30331.19427 31125.26206 33500.00028 34971.97589 38093.84071 38997.52382 40555.88461 42322.55548 44501.35026 48392.77822 49479.45461 50898.99698 52876.54746 60792.47650 61307.48442 70722.51813 75224.75393 99317.21769 111981.5577 214325.8502
