    unsorted:	 -1.596029088e-14 1.012254188e-13 5.685921128e-07 5.388324912e-06 684.6826743 684.6826702 33.46237406 38.13342343 45.51763041 16.79548257 89.87294145 1473.253620 1481.916588 1436.921429 1330.474285 1237.760580 1217.922200 1600.298390 1711.415416 1716.979982 1914.540551 1907.579013 1972.396767 2025.118029 2119.377502 2194.720044 748.2459318 2261.177782 2374.283009 352.4709443 2726.968348 29765.20503 30577.77630 31222.15493 28224.58204 33569.24464 34866.63118 25512.05520 23234.67485 38827.33788 37862.88699 40663.91734 41974.82145 44038.96367 14667.22270 49194.34467 50271.49432 51548.82022 59598.53474 61273.45731 69500.28025 72297.16526 97502.29299 108789.0646 224048.5626
      sorted:	 -1.596029088e-14 1.012254188e-13 5.685921128e-07 5.388324912e-06 16.79548257 33.46237406 38.13342343 45.51763041 89.87294145 352.4709443 684.6826702 684.6826743 748.2459318 1217.922200 1237.760580 1330.474285 1436.921429 1473.253620 1481.916588 1600.298390 1711.415416 1716.979982 1907.579013 1914.540551 1972.396767 2025.118029 2119.377502 2194.720044 2261.177782 2374.283009 2726.968348 14667.22270 23234.67485 25512.05520 28224.58204 29765.20503 30577.77630 31222.15493 33569.24464 34866.63118 37862.88699 38827.33788 40663.91734 41974.82145 44038.96367 49194.34467 50271.49432 51548.82022 59598.53474 61273.45731 69500.28025 72297.16526 97502.29299 108789.0646 224048.5626
