    unsorted:	 1599.206422 1610.489113 1576.989638 1547.927684 1534.397651 1645.329913 1481.010510 1405.914093 1333.302066 1284.555105 1751.883664 1217.098845 1181.116904 1076.277290 1001.317063 982.9758392 1882.330057 2004.643682 2040.102995 2125.812949 855.8631827 808.9855827 743.0563335 683.4793000 633.4568214 2296.101237 2556.899844 2644.332813 2873.087114 2989.104694 3062.447622 3126.418180 3276.606481 207.3520662 3423.703390 138.1169311 64.93584359 3588.489135 3684.826949 3778.444873 8121.717427 28434.98956 30937.02989 29202.74929 26881.88892 26277.91802 32262.69993 32942.91902 33413.98009 33901.30455 24749.64612 36984.14414 36871.80922 38231.20995 39323.24186 39547.96018 41480.10694 42587.73981 43718.14227 45823.22931 47394.65521 53016.67035 55811.14805 69980.03476 81604.61923 99954.58283 116374.1295 189409.6499 2.479800101e-06 2.479800101e-06
      sorted:	 2.479800101e-06 2.479800101e-06 64.93584359 138.1169311 207.3520662 633.4568214 683.4793000 743.0563335 808.9855827 855.8631827 982.9758392 1001.317063 1076.277290 1181.116904 1217.098845 1284.555105 1333.302066 1405.914093 1481.010510 1534.397651 1547.927684 1576.989638 1599.206422 1610.489113 1645.329913 1751.883664 1882.330057 2004.643682 2040.102995 2125.812949 2296.101237 2556.899844 2644.332813 2873.087114 2989.104694 3062.447622 3126.418180 3276.606481 3423.703390 3588.489135 3684.826949 3778.444873 8121.717427 24749.64612 26277.91802 26881.88892 28434.98956 29202.74929 30937.02989 32262.69993 32942.91902 33413.98009 33901.30455 36871.80922 36984.14414 38231.20995 39323.24186 39547.96018 41480.10694 42587.73981 43718.14227 45823.22931 47394.65521 53016.67035 55811.14805 69980.03476 81604.61923 99954.58283 116374.1295 189409.6499
