    unsorted:	 1732.352554 1722.756726 1707.423985 1747.282026 1682.687888 1670.487368 1613.566669 1814.423927 1855.828263 1477.292282 1406.050254 1986.185559 1265.605642 1128.311126 1115.416547 1076.377623 914.9383788 874.0116883 814.6859075 770.3645632 681.8938913 699.0628408 619.5189382 2222.072493 501.5935146 2410.956852 2550.280539 2609.559748 2874.266931 2931.517079 3062.006122 3120.741074 167.1911126 162.9057953 3261.615927 60.13413359 3484.611125 3591.213103 3684.098971 3842.789822 7824.170535 25484.67846 24893.63866 26335.23478 27217.29764 24162.88670 28968.22381 30818.90995 31345.91200 32151.11449 32228.81549 35099.66900 34902.86016 36213.19215 37908.23771 37598.14767 39774.33171 40996.51615 42004.34150 43750.90525 46570.44803 51962.21250 52575.94803 70184.39419 82544.54805 104219.1383 122731.9837 189290.3348 2.479800101e-06 2.479800101e-06
      sorted:	 2.479800101e-06 2.479800101e-06 60.13413359 162.9057953 167.1911126 501.5935146 619.5189382 681.8938913 699.0628408 770.3645632 814.6859075 874.0116883 914.9383788 1076.377623 1115.416547 1128.311126 1265.605642 1406.050254 1477.292282 1613.566669 1670.487368 1682.687888 1707.423985 1722.756726 1732.352554 1747.282026 1814.423927 1855.828263 1986.185559 2222.072493 2410.956852 2550.280539 2609.559748 2874.266931 2931.517079 3062.006122 3120.741074 3261.615927 3484.611125 3591.213103 3684.098971 3842.789822 7824.170535 24162.88670 24893.63866 25484.67846 26335.23478 27217.29764 28968.22381 30818.90995 31345.91200 32151.11449 32228.81549 34902.86016 35099.66900 36213.19215 37598.14767 37908.23771 39774.33171 40996.51615 42004.34150 43750.90525 46570.44803 51962.21250 52575.94803 70184.39419 82544.54805 104219.1383 122731.9837 189290.3348
