    unsorted:	 1501.745942 1488.407035 1525.283078 1447.130530 1436.521738 1550.303656 1375.661121 1356.481535 1314.365530 1258.004815 1215.640054 1143.742952 1709.737443 1757.898727 1072.292810 1034.507870 1891.747979 1956.711385 921.9990801 858.3246828 772.5738566 684.0352195 693.4299136 2079.547676 2167.041265 2251.262768 2556.475636 2662.018174 2863.731263 3010.639325 3082.132503 3129.477045 3294.641657 3389.649329 224.7449165 122.3099538 63.25688249 3588.106534 3686.715217 3772.407682 8160.344176 33950.86831 34625.69739 35106.76887 33154.65995 32266.52757 30513.40883 29777.23117 27881.83771 27289.89205 38268.12072 38172.58913 39589.11604 40465.04944 40704.17886 25178.87654 42622.41948 43724.39403 44924.90093 47150.25845 48131.28205 54100.55796 57761.94335 70297.37165 82740.27937 99575.06000 114694.8267 189452.4846 2.479800101e-06 2.479800101e-06
      sorted:	 2.479800101e-06 2.479800101e-06 63.25688249 122.3099538 224.7449165 684.0352195 693.4299136 772.5738566 858.3246828 921.9990801 1034.507870 1072.292810 1143.742952 1215.640054 1258.004815 1314.365530 1356.481535 1375.661121 1436.521738 1447.130530 1488.407035 1501.745942 1525.283078 1550.303656 1709.737443 1757.898727 1891.747979 1956.711385 2079.547676 2167.041265 2251.262768 2556.475636 2662.018174 2863.731263 3010.639325 3082.132503 3129.477045 3294.641657 3389.649329 3588.106534 3686.715217 3772.407682 8160.344176 25178.87654 27289.89205 27881.83771 29777.23117 30513.40883 32266.52757 33154.65995 33950.86831 34625.69739 35106.76887 38172.58913 38268.12072 39589.11604 40465.04944 40704.17886 42622.41948 43724.39403 44924.90093 47150.25845 48131.28205 54100.55796 57761.94335 70297.37165 82740.27937 99575.06000 114694.8267 189452.4846
