    unsorted:	 1316.760202 1295.414396 1339.993318 1354.062143 1379.647624 1264.736376 1401.806537 1228.569929 1216.464457 1200.760492 1155.959562 1471.783839 1102.871462 1582.845333 1543.738366 1041.795639 981.0100300 1814.186158 1845.951947 810.7171642 790.3539382 1968.873301 684.8057863 2136.954434 2220.380510 2341.570281 2532.400642 2679.561485 2836.057781 3042.145542 3138.068676 3125.214513 3339.229166 3363.318686 254.8145688 3588.824921 88.97266237 57.46867211 3687.939861 3790.957107 8100.502742 38039.92072 38387.99784 36937.89539 35849.11912 35734.18850 34173.55648 33116.71788 30738.93996 30170.32619 41560.13297 41777.12027 43165.78802 43620.47494 43840.90199 26921.89012 45790.47345 46897.02723 48202.86987 50371.66241 51325.28011 57501.09001 62576.95742 72703.18920 86954.65219 101083.3891 114459.9541 189517.7118 2.479800101e-06 2.479800101e-06
      sorted:	 2.479800101e-06 2.479800101e-06 57.46867211 88.97266237 254.8145688 684.8057863 790.3539382 810.7171642 981.0100300 1041.795639 1102.871462 1155.959562 1200.760492 1216.464457 1228.569929 1264.736376 1295.414396 1316.760202 1339.993318 1354.062143 1379.647624 1401.806537 1471.783839 1543.738366 1582.845333 1814.186158 1845.951947 1968.873301 2136.954434 2220.380510 2341.570281 2532.400642 2679.561485 2836.057781 3042.145542 3125.214513 3138.068676 3339.229166 3363.318686 3588.824921 3687.939861 3790.957107 8100.502742 26921.89012 30170.32619 30738.93996 33116.71788 34173.55648 35734.18850 35849.11912 36937.89539 38039.92072 38387.99784 41560.13297 41777.12027 43165.78802 43620.47494 43840.90199 45790.47345 46897.02723 48202.86987 50371.66241 51325.28011 57501.09001 62576.95742 72703.18920 86954.65219 101083.3891 114459.9541 189517.7118
