    unsorted:	 4.273432232e-07 5.353637730e-05 644.5115436 623.9640405 601.7926261 588.6647355 669.4909179 693.7219560 495.2940079 770.0818299 374.8667001 823.1417305 281.6046069 248.0587315 107.3651917 117.3765148 52.95435970 26.17841700 1539.593843 2032.280467 2151.341781 2906.747450 3600.337179 4034.800017 4836.752844 5352.011943 5573.635790 6070.157370 6467.141226 7186.526798 9858.362741 12016.79546 13109.87222 14877.30628 16603.49233 17046.27221 18372.38732 19182.05972 23917.08711 25415.98014 25866.76893 29539.25888 30702.35459 33067.64612 33866.89576 34827.93064 38928.03583 40482.11328 41299.65396 41707.93733 43966.43037 51430.45187 52688.42924 54300.68896 63186.44182 64261.32720 84312.91864 99132.93343 121248.6834 158637.8984 186751.5855
      sorted:	 4.273432232e-07 5.353637730e-05 26.17841700 52.95435970 107.3651917 117.3765148 248.0587315 281.6046069 374.8667001 495.2940079 588.6647355 601.7926261 623.9640405 644.5115436 669.4909179 693.7219560 770.0818299 823.1417305 1539.593843 2032.280467 2151.341781 2906.747450 3600.337179 4034.800017 4836.752844 5352.011943 5573.635790 6070.157370 6467.141226 7186.526798 9858.362741 12016.79546 13109.87222 14877.30628 16603.49233 17046.27221 18372.38732 19182.05972 23917.08711 25415.98014 25866.76893 29539.25888 30702.35459 33067.64612 33866.89576 34827.93064 38928.03583 40482.11328 41299.65396 41707.93733 43966.43037 51430.45187 52688.42924 54300.68896 63186.44182 64261.32720 84312.91864 99132.93343 121248.6834 158637.8984 186751.5855
