    unsorted:	 6.267584494e-06 0.009210449209 110.5251921 52.24599665 35.22024917 125.7422968 168.8054829 316.8265711 455.1851023 692.6594146 681.1332765 644.9280393 756.0389080 785.7242332 858.1240188 970.1046932 1046.621904 1317.400077 1337.542349 2172.682893 2935.318286 2917.304732 3628.274966 4813.201169 5199.717970 5819.011732 6306.263612 6375.106270 7392.848457 7514.351918 9022.907426 11725.63169 12181.54571 20732.33053 20060.51826 22336.92991 24849.76321 27037.88135 26488.21477 27969.42110 30803.29851 32434.73967 34432.27803 36294.93324 38430.59313 42056.64133 42154.69837 42415.27616 47356.61910 47136.47144 49331.42807 50434.39874 50867.80333 52507.15575 56550.17141 59065.53474 69558.81320 81154.96213 98342.87434 122176.5088 188429.4722
      sorted:	 6.267584494e-06 0.009210449209 35.22024917 52.24599665 110.5251921 125.7422968 168.8054829 316.8265711 455.1851023 644.9280393 681.1332765 692.6594146 756.0389080 785.7242332 858.1240188 970.1046932 1046.621904 1317.400077 1337.542349 2172.682893 2917.304732 2935.318286 3628.274966 4813.201169 5199.717970 5819.011732 6306.263612 6375.106270 7392.848457 7514.351918 9022.907426 11725.63169 12181.54571 20060.51826 20732.33053 22336.92991 24849.76321 26488.21477 27037.88135 27969.42110 30803.29851 32434.73967 34432.27803 36294.93324 38430.59313 42056.64133 42154.69837 42415.27616 47136.47144 47356.61910 49331.42807 50434.39874 50867.80333 52507.15575 56550.17141 59065.53474 69558.81320 81154.96213 98342.87434 122176.5088 188429.4722
