    unsorted:	 6.965984867e-08 3.759942558e-05 611.3755816 602.8169303 589.9815316 635.0042298 658.4640644 669.5672216 707.7449582 504.8082376 404.8838761 294.3496803 229.5779592 105.7020631 116.4380942 53.14130082 25.47388239 852.4714813 1616.825137 1917.324056 2176.521359 3131.978563 3306.577090 3960.157789 4748.885703 5153.363740 5266.299218 5778.358447 6218.890208 6978.450163 9713.989729 11835.64674 12105.35190 14830.85817 15576.15943 15946.84082 17477.87545 18644.54739 23261.03986 24798.27690 25386.77511 28347.25102 29919.04291 31492.20095 32783.34318 35313.72052 37337.45515 39613.43806 40868.18861 41211.98397 43118.17357 52573.98391 52240.74714 55634.96560 64778.86519 65974.22560 85431.06560 101142.2685 123857.7015 162559.4620 186394.0323
      sorted:	 6.965984867e-08 3.759942558e-05 25.47388239 53.14130082 105.7020631 116.4380942 229.5779592 294.3496803 404.8838761 504.8082376 589.9815316 602.8169303 611.3755816 635.0042298 658.4640644 669.5672216 707.7449582 852.4714813 1616.825137 1917.324056 2176.521359 3131.978563 3306.577090 3960.157789 4748.885703 5153.363740 5266.299218 5778.358447 6218.890208 6978.450163 9713.989729 11835.64674 12105.35190 14830.85817 15576.15943 15946.84082 17477.87545 18644.54739 23261.03986 24798.27690 25386.77511 28347.25102 29919.04291 31492.20095 32783.34318 35313.72052 37337.45515 39613.43806 40868.18861 41211.98397 43118.17357 52240.74714 52573.98391 55634.96560 64778.86519 65974.22560 85431.06560 101142.2685 123857.7015 162559.4620 186394.0323
