    unsorted:	 6.788354019e-06 0.008670450079 664.0972066 674.6017528 654.0546755 685.7522051 613.1579497 582.2488531 479.1304605 824.9000521 336.6950378 312.2096196 235.6671829 109.2082569 118.3387027 52.44251210 27.19020148 933.1418376 1456.624405 2014.522173 2360.568131 2701.796142 4071.088182 4118.008985 4843.748790 5607.687524 6067.230395 6412.415436 6830.333264 7444.455086 9740.769209 12175.94314 14741.61929 14857.16313 17694.06797 19393.48767 19628.82370 20336.91435 24771.92680 26216.86111 27006.05156 31359.75086 31948.91282 33609.50432 35483.47799 36020.65261 39578.93215 41300.75179 42758.25281 43642.90031 45501.97803 50056.99383 52167.26953 53639.70631 60539.78486 62123.57769 81869.09443 95378.58030 116731.4854 151395.9199 187262.2534
      sorted:	 6.788354019e-06 0.008670450079 27.19020148 52.44251210 109.2082569 118.3387027 235.6671829 312.2096196 336.6950378 479.1304605 582.2488531 613.1579497 654.0546755 664.0972066 674.6017528 685.7522051 824.9000521 933.1418376 1456.624405 2014.522173 2360.568131 2701.796142 4071.088182 4118.008985 4843.748790 5607.687524 6067.230395 6412.415436 6830.333264 7444.455086 9740.769209 12175.94314 14741.61929 14857.16313 17694.06797 19393.48767 19628.82370 20336.91435 24771.92680 26216.86111 27006.05156 31359.75086 31948.91282 33609.50432 35483.47799 36020.65261 39578.93215 41300.75179 42758.25281 43642.90031 45501.97803 50056.99383 52167.26953 53639.70631 60539.78486 62123.57769 81869.09443 95378.58030 116731.4854 151395.9199 187262.2534
