    unsorted:	 5.055178686e-06 0.008276390436 675.4933536 691.9171451 648.4539503 631.2012647 753.5023544 842.2084404 809.0711997 443.3378861 335.7832607 112.7997522 126.0571730 54.58618112 36.43901967 190.7467498 1004.708136 1332.907113 1289.320357 2141.079044 2867.740431 2898.663183 3737.871434 4862.931470 5087.995475 6093.619661 6279.876648 6549.730970 7316.783203 7480.947064 8919.149768 12405.61466 12194.20245 20307.69687 19460.31248 21958.68324 24341.68528 25973.53025 26304.22432 27783.63256 30375.63913 32382.11962 34220.04516 36065.57583 37886.88805 41277.49644 41576.33116 42776.00550 46630.98709 47343.82686 48699.81497 50118.12808 50321.92089 53480.32726 56086.65918 59244.89229 71020.45577 83617.85092 101709.4955 125524.9280 188303.0430
      sorted:	 5.055178686e-06 0.008276390436 36.43901967 54.58618112 112.7997522 126.0571730 190.7467498 335.7832607 443.3378861 631.2012647 648.4539503 675.4933536 691.9171451 753.5023544 809.0711997 842.2084404 1004.708136 1289.320357 1332.907113 2141.079044 2867.740431 2898.663183 3737.871434 4862.931470 5087.995475 6093.619661 6279.876648 6549.730970 7316.783203 7480.947064 8919.149768 12194.20245 12405.61466 19460.31248 20307.69687 21958.68324 24341.68528 25973.53025 26304.22432 27783.63256 30375.63913 32382.11962 34220.04516 36065.57583 37886.88805 41277.49644 41576.33116 42776.00550 46630.98709 47343.82686 48699.81497 50118.12808 50321.92089 53480.32726 56086.65918 59244.89229 71020.45577 83617.85092 101709.4955 125524.9280 188303.0430
