    unsorted:	 7.213929021e-07 0.0001256441250 733.1786433 691.5180967 796.1067428 839.5037967 642.2348271 917.2991325 483.6001800 142.8431194 125.5948552 103.9672769 48.68819258 32.29889026 302.1082663 1099.653207 1297.120069 1302.690390 1391.074399 2219.199778 3005.595281 2931.103121 3529.749391 4596.858994 5295.867796 5453.415043 6234.656363 6359.177359 7417.221740 7600.787491 9138.567418 10898.50896 12195.68875 20627.01406 21286.57080 22764.38343 25289.51265 26884.57331 28075.40760 28180.47231 31248.24423 32460.23661 34614.54296 36570.81082 39149.27238 41531.17442 42896.95279 42997.39774 47038.92143 48061.74010 49902.86913 50754.99684 51318.90574 51828.67932 57063.52889 58807.18487 67679.11542 77482.20787 94311.87222 119139.1586 188551.7088
      sorted:	 7.213929021e-07 0.0001256441250 32.29889026 48.68819258 103.9672769 125.5948552 142.8431194 302.1082663 483.6001800 642.2348271 691.5180967 733.1786433 796.1067428 839.5037967 917.2991325 1099.653207 1297.120069 1302.690390 1391.074399 2219.199778 2931.103121 3005.595281 3529.749391 4596.858994 5295.867796 5453.415043 6234.656363 6359.177359 7417.221740 7600.787491 9138.567418 10898.50896 12195.68875 20627.01406 21286.57080 22764.38343 25289.51265 26884.57331 28075.40760 28180.47231 31248.24423 32460.23661 34614.54296 36570.81082 39149.27238 41531.17442 42896.95279 42997.39774 47038.92143 48061.74010 49902.86913 50754.99684 51318.90574 51828.67932 57063.52889 58807.18487 67679.11542 77482.20787 94311.87222 119139.1586 188551.7088
