    unsorted:	 1.296523468e-05 0.01853378486 103.0298840 50.60216029 34.00244422 126.4647624 134.5788606 317.3503944 690.5532508 641.3082650 545.2880016 776.3737288 830.7390034 918.3950574 1004.080776 1179.222547 1294.611359 1451.240587 1712.739676 2274.391474 2894.773654 3099.680440 3464.064147 4101.566541 5314.877627 5375.425504 6155.957326 6351.720665 7449.020213 7699.308721 9253.056417 10562.38022 12290.85001 21052.75617 21976.15399 23236.22089 25523.77406 27433.63024 28395.41978 29060.00282 31628.95221 32488.62190 34847.10698 37010.44584 39896.99215 41178.46732 43757.56069 43535.18542 47019.88456 48616.17161 49862.20016 51020.37804 51272.36655 52402.86584 57476.77106 58304.58331 65863.48911 74362.85821 91366.17036 117688.2477 188659.4143
      sorted:	 1.296523468e-05 0.01853378486 34.00244422 50.60216029 103.0298840 126.4647624 134.5788606 317.3503944 545.2880016 641.3082650 690.5532508 776.3737288 830.7390034 918.3950574 1004.080776 1179.222547 1294.611359 1451.240587 1712.739676 2274.391474 2894.773654 3099.680440 3464.064147 4101.566541 5314.877627 5375.425504 6155.957326 6351.720665 7449.020213 7699.308721 9253.056417 10562.38022 12290.85001 21052.75617 21976.15399 23236.22089 25523.77406 27433.63024 28395.41978 29060.00282 31628.95221 32488.62190 34847.10698 37010.44584 39896.99215 41178.46732 43535.18542 43757.56069 47019.88456 48616.17161 49862.20016 51020.37804 51272.36655 52402.86584 57476.77106 58304.58331 65863.48911 74362.85821 91366.17036 117688.2477 188659.4143
