    unsorted:	 6.445246856e-06 0.009984126639 694.3018938 691.9943986 679.7357787 663.3930086 640.0574807 567.4259742 469.1243331 403.5465646 855.9617905 270.2282522 207.9984044 109.1739698 118.9048603 51.73339825 27.75436033 1038.755439 1415.464678 2020.040687 2682.244865 2526.779778 4119.686933 4388.925683 4814.070328 5792.156175 6315.138973 6604.826413 7041.297651 7583.163943 9396.905420 12270.60970 14473.21484 16128.42307 18453.42725 21240.63271 21405.23667 20206.01231 25263.14072 26710.81878 27964.48826 32316.32940 32712.25906 33575.57319 37139.95869 37069.18227 39186.20077 42864.76098 43269.28256 45179.73286 46689.12551 49131.22633 51316.04372 54120.94752 58591.77527 60964.94727 79418.97906 92379.74027 113231.4899 145100.5212 187584.6908
      sorted:	 6.445246856e-06 0.009984126639 27.75436033 51.73339825 109.1739698 118.9048603 207.9984044 270.2282522 403.5465646 469.1243331 567.4259742 640.0574807 663.3930086 679.7357787 691.9943986 694.3018938 855.9617905 1038.755439 1415.464678 2020.040687 2526.779778 2682.244865 4119.686933 4388.925683 4814.070328 5792.156175 6315.138973 6604.826413 7041.297651 7583.163943 9396.905420 12270.60970 14473.21484 16128.42307 18453.42725 20206.01231 21240.63271 21405.23667 25263.14072 26710.81878 27964.48826 32316.32940 32712.25906 33575.57319 37069.18227 37139.95869 39186.20077 42864.76098 43269.28256 45179.73286 46689.12551 49131.22633 51316.04372 54120.94752 58591.77527 60964.94727 79418.97906 92379.74027 113231.4899 145100.5212 187584.6908
