    unsorted:	 2.285077876e-11 3.528628799e-05 607.3898281 606.0319400 602.2554287 590.7201055 633.8015818 663.2780626 508.9499830 717.0088619 417.3475961 303.4311390 224.6598335 104.8474745 115.8372428 53.20878841 25.11678290 879.0539485 1663.378858 1836.633650 2225.375012 3101.149963 3325.035317 3920.689048 4681.217314 5004.702569 5159.845005 5621.452505 6093.212863 6857.809982 9599.087591 11482.36247 11875.01835 14936.96988 14720.01788 15642.10006 17035.51384 18410.63094 22911.88078 24488.11201 25202.43732 27775.96908 29541.32287 30710.93206 32201.23056 36534.80629 35547.28884 38799.86857 40482.12669 41450.90138 42821.01948 52445.85204 52688.02361 56400.10614 65550.00004 66892.92907 85903.29246 101989.9326 125058.8495 164321.0954 186210.8319
      sorted:	 2.285077876e-11 3.528628799e-05 25.11678290 53.20878841 104.8474745 115.8372428 224.6598335 303.4311390 417.3475961 508.9499830 590.7201055 602.2554287 606.0319400 607.3898281 633.8015818 663.2780626 717.0088619 879.0539485 1663.378858 1836.633650 2225.375012 3101.149963 3325.035317 3920.689048 4681.217314 5004.702569 5159.845005 5621.452505 6093.212863 6857.809982 9599.087591 11482.36247 11875.01835 14720.01788 14936.96988 15642.10006 17035.51384 18410.63094 22911.88078 24488.11201 25202.43732 27775.96908 29541.32287 30710.93206 32201.23056 35547.28884 36534.80629 38799.86857 40482.12669 41450.90138 42821.01948 52445.85204 52688.02361 56400.10614 65550.00004 66892.92907 85903.29246 101989.9326 125058.8495 164321.0954 186210.8319
