    unsorted:	 3.532058506e-06 0.003912873029 860.2911989 806.1310342 648.6720746 690.8307003 606.1623148 1000.452427 1100.840934 103.9269362 124.6868255 138.4381550 53.99085646 36.15070009 369.7268110 1255.373042 1307.014227 1515.140056 1918.372646 2308.493885 2845.934590 3165.806271 3444.468746 3827.393078 5386.712001 5438.697176 6127.921105 6335.523444 7508.425873 7797.400683 9376.745912 10589.13682 12400.68423 21336.73985 22594.04517 23691.98604 25658.20673 27979.43655 28651.24570 29843.66926 31908.44684 32677.48875 35177.29124 37470.14352 40500.28997 41435.95430 44400.41456 44017.28982 46987.66090 48683.71565 51340.29683 49741.12497 51739.56147 52941.72041 57441.26048 58169.89426 65339.92247 73444.20171 90112.80579 117347.6597 188746.4261
      sorted:	 3.532058506e-06 0.003912873029 36.15070009 53.99085646 103.9269362 124.6868255 138.4381550 369.7268110 606.1623148 648.6720746 690.8307003 806.1310342 860.2911989 1000.452427 1100.840934 1255.373042 1307.014227 1515.140056 1918.372646 2308.493885 2845.934590 3165.806271 3444.468746 3827.393078 5386.712001 5438.697176 6127.921105 6335.523444 7508.425873 7797.400683 9376.745912 10589.13682 12400.68423 21336.73985 22594.04517 23691.98604 25658.20673 27979.43655 28651.24570 29843.66926 31908.44684 32677.48875 35177.29124 37470.14352 40500.28997 41435.95430 44017.28982 44400.41456 46987.66090 48683.71565 49741.12497 51340.29683 51739.56147 52941.72041 57441.26048 58169.89426 65339.92247 73444.20171 90112.80579 117347.6597 188746.4261
