    unsorted:	 9.077177591e-13 3.594963190e-05 599.8614849 601.8784258 590.1248720 630.4058137 658.1045944 516.5960518 497.0008517 438.0663505 739.5309530 321.3477799 229.9503833 103.2127445 114.2607474 53.29309775 24.37517143 954.7677352 1773.590024 1664.558702 2354.503365 2813.156102 3593.932901 3855.108174 4508.877730 4671.011256 4979.357628 5298.980212 5836.731942 6579.886121 9313.301492 10551.37613 11651.65882 13515.84840 14661.39944 15075.57669 16190.65836 17988.74411 22200.49445 23884.34569 24879.06702 26705.11884 29164.12654 28818.87412 31061.80094 34895.52582 35819.14861 37153.85281 39649.51960 41398.96109 43065.27975 52449.02807 53275.76385 58078.73340 67074.28241 68821.47960 86782.70909 103357.9339 127299.0306 167518.7924 185837.5324
      sorted:	 9.077177591e-13 3.594963190e-05 24.37517143 53.29309775 103.2127445 114.2607474 229.9503833 321.3477799 438.0663505 497.0008517 516.5960518 590.1248720 599.8614849 601.8784258 630.4058137 658.1045944 739.5309530 954.7677352 1664.558702 1773.590024 2354.503365 2813.156102 3593.932901 3855.108174 4508.877730 4671.011256 4979.357628 5298.980212 5836.731942 6579.886121 9313.301492 10551.37613 11651.65882 13515.84840 14661.39944 15075.57669 16190.65836 17988.74411 22200.49445 23884.34569 24879.06702 26705.11884 28818.87412 29164.12654 31061.80094 34895.52582 35819.14861 37153.85281 39649.51960 41398.96109 43065.27975 52449.02807 53275.76385 58078.73340 67074.28241 68821.47960 86782.70909 103357.9339 127299.0306 167518.7924 185837.5324
