    unsorted:	 5.765758279e-08 686.7674102 671.2198612 879.2771240 825.1040062 940.7525341 600.7831369 1157.991709 1233.566782 1398.814416 1471.866874 47.12446052 34.55333359 77.04649275 112.6548891 130.5253827 1820.371739 2275.039930 2447.904493 2610.156833 3320.296427 3293.462956 3573.913501 5179.507706 5835.997861 6130.108340 6347.945997 8115.796905 7928.197906 9833.467746 10271.11564 12667.55910 15735.84062 22016.20510 24496.29025 25968.37355 26490.71556 29523.68618 30689.64927 32881.95556 33882.59337 36404.80721 37856.68483 39163.22270 42613.81582 44994.83006 45598.82798 46069.11332 49155.96381 50408.80746 52204.11035 53229.84904 53863.08108 57343.75639 58648.18667 65807.16801 74458.73289 90580.97757 118006.6289 188916.6762 3071116.815
      sorted:	 5.765758279e-08 34.55333359 47.12446052 77.04649275 112.6548891 130.5253827 600.7831369 671.2198612 686.7674102 825.1040062 879.2771240 940.7525341 1157.991709 1233.566782 1398.814416 1471.866874 1820.371739 2275.039930 2447.904493 2610.156833 3293.462956 3320.296427 3573.913501 5179.507706 5835.997861 6130.108340 6347.945997 7928.197906 8115.796905 9833.467746 10271.11564 12667.55910 15735.84062 22016.20510 24496.29025 25968.37355 26490.71556 29523.68618 30689.64927 32881.95556 33882.59337 36404.80721 37856.68483 39163.22270 42613.81582 44994.83006 45598.82798 46069.11332 49155.96381 50408.80746 52204.11035 53229.84904 53863.08108 57343.75639 58648.18667 65807.16801 74458.73289 90580.97757 118006.6289 188916.6762 3071116.815
