    unsorted:	 3.714556159e-06 0.004580906308 687.9675826 681.0076823 724.6665777 732.8371421 655.7243296 545.0602496 494.9828638 460.0022442 109.1405502 119.9417591 50.56915485 28.43737434 179.2006892 259.2408332 909.5892463 1145.779955 1378.109472 2070.042397 2752.620089 2701.123982 4037.445275 4699.935684 4844.344286 5986.672117 6377.722614 6854.934156 7166.301411 7603.627721 8983.959168 12280.81331 13854.43005 17565.58524 19181.27841 20881.23421 23153.83113 22664.74943 25684.81950 27197.98105 29021.19935 32421.74765 33341.35370 34712.20231 38837.39119 37434.41638 39751.96091 43372.59504 44464.65752 46691.13768 48023.11133 48273.27309 50566.44817 54843.45041 56461.15892 59998.89951 75869.31572 88952.80174 109141.3191 136887.4676 187892.6383
      sorted:	 3.714556159e-06 0.004580906308 28.43737434 50.56915485 109.1405502 119.9417591 179.2006892 259.2408332 460.0022442 494.9828638 545.0602496 655.7243296 681.0076823 687.9675826 724.6665777 732.8371421 909.5892463 1145.779955 1378.109472 2070.042397 2701.123982 2752.620089 4037.445275 4699.935684 4844.344286 5986.672117 6377.722614 6854.934156 7166.301411 7603.627721 8983.959168 12280.81331 13854.43005 17565.58524 19181.27841 20881.23421 22664.74943 23153.83113 25684.81950 27197.98105 29021.19935 32421.74765 33341.35370 34712.20231 37434.41638 38837.39119 39751.96091 43372.59504 44464.65752 46691.13768 48023.11133 48273.27309 50566.44817 54843.45041 56461.15892 59998.89951 75869.31572 88952.80174 109141.3191 136887.4676 187892.6383
