    unsorted:	 1.455635208e-08 672.8592171 657.8796286 642.2914175 686.2307224 605.4676504 586.3677962 484.5854549 816.7930670 306.6179802 337.7857844 245.1492959 108.7473460 118.0583014 52.65886785 26.86334441 880.6144001 1480.679915 2022.800781 2280.920399 2746.298806 3914.978114 4095.550024 4855.309547 5520.305387 5908.469328 6312.684884 6711.906864 7363.515778 9834.042001 12123.50081 14827.60536 14241.20783 17319.81895 18616.01470 19211.77621 19888.42893 23533.74370 24503.30877 25964.61651 26575.96427 30764.16440 31521.88139 34677.39072 33840.69125 35440.00320 40525.51717 39869.00236 42432.68992 42862.98227 44960.67193 50523.06764 52537.11204 53579.24564 61460.04702 62776.78385 82815.04447 96727.09084 118325.4871 154037.5056 187095.6276
      sorted:	 1.455635208e-08 26.86334441 52.65886785 108.7473460 118.0583014 245.1492959 306.6179802 337.7857844 484.5854549 586.3677962 605.4676504 642.2914175 657.8796286 672.8592171 686.2307224 816.7930670 880.6144001 1480.679915 2022.800781 2280.920399 2746.298806 3914.978114 4095.550024 4855.309547 5520.305387 5908.469328 6312.684884 6711.906864 7363.515778 9834.042001 12123.50081 14241.20783 14827.60536 17319.81895 18616.01470 19211.77621 19888.42893 23533.74370 24503.30877 25964.61651 26575.96427 30764.16440 31521.88139 33840.69125 34677.39072 35440.00320 39869.00236 40525.51717 42432.68992 42862.98227 44960.67193 50523.06764 52537.11204 53579.24564 61460.04702 62776.78385 82815.04447 96727.09084 118325.4871 154037.5056 187095.6276
