    unsorted:	 1.344506605e-06 0.0009336404030 745.6691830 760.9515113 705.2380673 688.5583565 652.9068546 549.5438930 542.9226604 455.2159036 111.4393698 125.9610181 56.13999422 37.22727118 207.1406382 298.5216463 943.3587304 1196.479112 1361.398489 2100.229009 2785.364585 2808.417592 3952.858444 4871.803842 4842.457210 6078.177093 6352.490387 6925.138677 7169.956283 7537.227959 8871.407799 12249.79152 13414.77830 18261.80459 19563.86514 21261.17112 24123.30926 23285.73624 25884.67487 27414.83080 29538.67367 32365.48021 33677.43403 35324.14233 39678.13639 37457.97635 40350.35354 43240.28862 45228.89609 47395.16836 47873.24519 48767.35418 50353.02721 55217.88961 55621.19678 59669.38653 73993.16934 87213.70965 106863.3400 132670.3744 188037.3574
      sorted:	 1.344506605e-06 0.0009336404030 37.22727118 56.13999422 111.4393698 125.9610181 207.1406382 298.5216463 455.2159036 542.9226604 549.5438930 652.9068546 688.5583565 705.2380673 745.6691830 760.9515113 943.3587304 1196.479112 1361.398489 2100.229009 2785.364585 2808.417592 3952.858444 4842.457210 4871.803842 6078.177093 6352.490387 6925.138677 7169.956283 7537.227959 8871.407799 12249.79152 13414.77830 18261.80459 19563.86514 21261.17112 23285.73624 24123.30926 25884.67487 27414.83080 29538.67367 32365.48021 33677.43403 35324.14233 37457.97635 39678.13639 40350.35354 43240.28862 45228.89609 47395.16836 47873.24519 48767.35418 50353.02721 55217.88961 55621.19678 59669.38653 73993.16934 87213.70965 106863.3400 132670.3744 188037.3574
