    unsorted:	 1.010924668e-08 665.3258264 667.4375137 681.1906070 687.7282134 624.8702565 575.9845067 473.8892387 367.0399374 837.9265475 290.8224872 223.4413468 109.3915185 118.6079659 52.14833416 27.49289253 -233.8098232 985.8855934 1435.178452 2012.808950 2680.786004 2442.675975 4124.587462 4232.281283 4826.588718 5698.311473 6208.792944 6504.564136 6941.932156 7519.568025 9591.969146 12227.46717 14641.94953 15471.58530 18073.78063 20358.30717 19864.08457 20845.02447 25025.33170 26464.44798 27470.99341 31900.92573 32375.95344 33459.74335 36300.19855 36592.05387 39323.20930 42082.19941 43043.17593 44415.11680 46076.34179 49591.23692 51738.82699 53842.42056 59584.88860 61521.45677 80753.56832 93930.99282 115038.1710 148448.3220 187425.2633
      sorted:	 -233.8098232 1.010924668e-08 27.49289253 52.14833416 109.3915185 118.6079659 223.4413468 290.8224872 367.0399374 473.8892387 575.9845067 624.8702565 665.3258264 667.4375137 681.1906070 687.7282134 837.9265475 985.8855934 1435.178452 2012.808950 2442.675975 2680.786004 4124.587462 4232.281283 4826.588718 5698.311473 6208.792944 6504.564136 6941.932156 7519.568025 9591.969146 12227.46717 14641.94953 15471.58530 18073.78063 19864.08457 20358.30717 20845.02447 25025.33170 26464.44798 27470.99341 31900.92573 32375.95344 33459.74335 36300.19855 36592.05387 39323.20930 42082.19941 43043.17593 44415.11680 46076.34179 49591.23692 51738.82699 53842.42056 59584.88860 61521.45677 80753.56832 93930.99282 115038.1710 148448.3220 187425.2633
