    unsorted:	 1.234244215e-07 3.937506753e-05 639.3077887 617.0458537 602.4597114 589.1402437 666.9394774 699.9320179 717.2892693 500.2444231 390.7813272 833.7412502 286.1789388 238.3448468 106.5510674 116.9459216 53.05788359 25.82786576 1575.678727 1989.228044 2145.380199 3017.938782 3445.820793 3998.628374 4801.376688 5263.784904 5409.308790 5928.969874 6343.399494 7087.445693 9802.972070 11950.73957 12578.97145 14866.37854 16263.18612 16300.75846 17926.09707 18899.20800 23597.42133 25111.00321 25602.95599 28936.27433 30306.31187 32278.05999 33358.09228 35047.00681 38135.80749 40379.13102 40891.10016 41331.55977 43517.46416 52623.40089 51855.69885 54929.13442 63994.68676 65093.49991 84908.54617 100188.5842 122589.7979 160671.0247 186574.3891
      sorted:	 1.234244215e-07 3.937506753e-05 25.82786576 53.05788359 106.5510674 116.9459216 238.3448468 286.1789388 390.7813272 500.2444231 589.1402437 602.4597114 617.0458537 639.3077887 666.9394774 699.9320179 717.2892693 833.7412502 1575.678727 1989.228044 2145.380199 3017.938782 3445.820793 3998.628374 4801.376688 5263.784904 5409.308790 5928.969874 6343.399494 7087.445693 9802.972070 11950.73957 12578.97145 14866.37854 16263.18612 16300.75846 17926.09707 18899.20800 23597.42133 25111.00321 25602.95599 28936.27433 30306.31187 32278.05999 33358.09228 35047.00681 38135.80749 40379.13102 40891.10016 41331.55977 43517.46416 51855.69885 52623.40089 54929.13442 63994.68676 65093.49991 84908.54617 100188.5842 122589.7979 160671.0247 186574.3891
