    unsorted:	 1.928869895e-06 0.001622262164 650.8128994 632.3138449 671.5008503 602.0614741 588.2322521 689.0476712 490.0321316 357.0427796 288.1381104 250.9078507 108.1114683 117.7429574 52.82440501 26.52429278 810.4347888 831.8444932 1508.115532 2033.508259 2206.572564 2814.920007 3757.368543 4067.558848 4854.289839 5435.668361 5742.158914 6198.788030 6590.200374 7277.883715 9871.457102 12071.56661 13665.11789 14865.05612 16955.26836 17820.36898 18804.83063 19506.18399 24218.79791 25700.64590 26191.81709 30151.37588 31107.12111 33844.51327 34059.54431 34943.65476 39705.11598 40208.51764 42064.70236 42091.85449 44448.98928 50983.25808 52705.03404 53805.39229 62343.05101 63487.95889 83622.11460 97978.53768 119829.0456 156437.0225 186925.3825
      sorted:	 1.928869895e-06 0.001622262164 26.52429278 52.82440501 108.1114683 117.7429574 250.9078507 288.1381104 357.0427796 490.0321316 588.2322521 602.0614741 632.3138449 650.8128994 671.5008503 689.0476712 810.4347888 831.8444932 1508.115532 2033.508259 2206.572564 2814.920007 3757.368543 4067.558848 4854.289839 5435.668361 5742.158914 6198.788030 6590.200374 7277.883715 9871.457102 12071.56661 13665.11789 14865.05612 16955.26836 17820.36898 18804.83063 19506.18399 24218.79791 25700.64590 26191.81709 30151.37588 31107.12111 33844.51327 34059.54431 34943.65476 39705.11598 40208.51764 42064.70236 42091.85449 44448.98928 50983.25808 52705.03404 53805.39229 62343.05101 63487.95889 83622.11460 97978.53768 119829.0456 156437.0225 186925.3825
