    unsorted:	 1.138647541e-06 0.0001814434868 601.6962823 612.5378968 638.9240348 663.6807522 571.4079485 504.1252622 524.2654156 476.0242973 420.6614728 744.1394705 345.9492798 152.2042505 114.1984143 94.75351460 52.70120949 21.83715873 1477.514846 1640.951672 1788.567274 2569.488503 2904.049707 3918.467368 4504.495281 4774.129699 4992.217219 5635.271279 5539.318420 6062.005913 9154.955609 10336.87083 11560.52792 13362.06198 13744.52521 14650.37003 16684.86077 18234.54314 20150.85572 23557.59114 24606.71586 26735.63773 29543.93680 28951.09601 31116.36893 35139.26375 36736.28373 37393.19611 40049.89819 41264.41680 48411.94735 52583.25776 57627.79671 59065.40475 68091.13473 74503.77354 96031.12149 119386.2731 124759.0926 171225.4377 186171.9204
      sorted:	 1.138647541e-06 0.0001814434868 21.83715873 52.70120949 94.75351460 114.1984143 152.2042505 345.9492798 420.6614728 476.0242973 504.1252622 524.2654156 571.4079485 601.6962823 612.5378968 638.9240348 663.6807522 744.1394705 1477.514846 1640.951672 1788.567274 2569.488503 2904.049707 3918.467368 4504.495281 4774.129699 4992.217219 5539.318420 5635.271279 6062.005913 9154.955609 10336.87083 11560.52792 13362.06198 13744.52521 14650.37003 16684.86077 18234.54314 20150.85572 23557.59114 24606.71586 26735.63773 28951.09601 29543.93680 31116.36893 35139.26375 36736.28373 37393.19611 40049.89819 41264.41680 48411.94735 52583.25776 57627.79671 59065.40475 68091.13473 74503.77354 96031.12149 119386.2731 124759.0926 171225.4377 186171.9204
