    unsorted:	 1.412525888e-05 688.1103349 611.4525186 579.5763769 791.4833540 851.1934164 917.8247489 1213.900340 1170.567908 1326.948741 82.52754725 112.8380607 50.61219486 35.78270097 131.9684848 1432.031472 1715.361380 2319.948488 2246.502163 2663.939536 3261.466516 3379.828654 3548.859204 5276.152125 5744.239410 6180.969930 6272.480027 8044.372427 7790.127258 9731.364522 10408.61778 12499.57778 15623.39761 21968.52124 24073.16240 25340.51241 26220.81035 29161.29734 30042.00500 32626.74068 33534.22807 36110.20103 37734.61644 38731.17853 42293.83064 44455.83030 45438.98029 46213.24601 48827.51438 50302.83230 52066.67098 52746.87139 53727.75284 57190.40576 58576.14875 65473.93357 73736.01240 89761.76575 117358.7731 188890.8013 8213931.840
      sorted:	 1.412525888e-05 35.78270097 50.61219486 82.52754725 112.8380607 131.9684848 579.5763769 611.4525186 688.1103349 791.4833540 851.1934164 917.8247489 1170.567908 1213.900340 1326.948741 1432.031472 1715.361380 2246.502163 2319.948488 2663.939536 3261.466516 3379.828654 3548.859204 5276.152125 5744.239410 6180.969930 6272.480027 7790.127258 8044.372427 9731.364522 10408.61778 12499.57778 15623.39761 21968.52124 24073.16240 25340.51241 26220.81035 29161.29734 30042.00500 32626.74068 33534.22807 36110.20103 37734.61644 38731.17853 42293.83064 44455.83030 45438.98029 46213.24601 48827.51438 50302.83230 52066.67098 52746.87139 53727.75284 57190.40576 58576.14875 65473.93357 73736.01240 89761.76575 117358.7731 188890.8013 8213931.840
