    unsorted:	 5.704385517e-06 0.01128239816 707.3392382 709.3597278 685.2246659 663.2462002 655.7924561 556.3153444 465.2644971 445.3871212 108.7069825 119.2991530 51.16953855 27.99727328 191.2182605 256.5179784 879.4453208 1091.967373 1396.587129 2038.453154 2705.919872 2613.021485 4092.507397 4545.253478 4818.133626 5888.790231 6370.348168 6725.869044 7120.432184 7620.244735 9179.000740 12291.82122 14218.96447 16824.91034 18825.69334 20540.58763 22179.00121 22007.64640 25483.88059 26956.64181 28483.06591 33001.05046 32462.62788 34060.51328 37977.48563 37366.25572 39308.30416 43672.08060 43381.16869 45938.57689 47345.27088 48682.44855 50916.77646 54457.47185 57549.16469 60453.47304 77795.02511 90719.26433 111284.7085 141241.5448 187740.5224
      sorted:	 5.704385517e-06 0.01128239816 27.99727328 51.16953855 108.7069825 119.2991530 191.2182605 256.5179784 445.3871212 465.2644971 556.3153444 655.7924561 663.2462002 685.2246659 707.3392382 709.3597278 879.4453208 1091.967373 1396.587129 2038.453154 2613.021485 2705.919872 4092.507397 4545.253478 4818.133626 5888.790231 6370.348168 6725.869044 7120.432184 7620.244735 9179.000740 12291.82122 14218.96447 16824.91034 18825.69334 20540.58763 22007.64640 22179.00121 25483.88059 26956.64181 28483.06591 32462.62788 33001.05046 34060.51328 37366.25572 37977.48563 39308.30416 43381.16869 43672.08060 45938.57689 47345.27088 48682.44855 50916.77646 54457.47185 57549.16469 60453.47304 77795.02511 90719.26433 111284.7085 141241.5448 187740.5224
