    unsorted:	 1.285213355e-06 1272.636220 1265.730271 689.4650255 748.3520000 838.6566809 899.4937060 609.5310391 1128.027211 515.8600626 1387.550063 89.95302430 112.9981169 133.3439728 52.94887598 36.23633746 1644.997242 2143.724175 2323.517950 2724.057313 3239.428088 3435.782057 3569.441646 5360.918340 5654.384131 6177.787904 6270.941753 7973.680563 7668.816756 9615.738762 10511.35979 12322.58394 15467.04885 21867.16061 23639.20164 24763.53712 26014.40299 28835.93691 29469.27556 32375.06346 33226.41739 35756.91481 37782.52073 38322.28061 41966.62248 43966.40003 45299.95353 46433.83596 48571.54111 50229.26822 51955.16540 52297.53235 53614.97568 57082.90497 58535.13450 65144.59587 73210.47090 89376.78402 116832.4824 188864.4861 9464090.286
      sorted:	 1.285213355e-06 36.23633746 52.94887598 89.95302430 112.9981169 133.3439728 515.8600626 609.5310391 689.4650255 748.3520000 838.6566809 899.4937060 1128.027211 1265.730271 1272.636220 1387.550063 1644.997242 2143.724175 2323.517950 2724.057313 3239.428088 3435.782057 3569.441646 5360.918340 5654.384131 6177.787904 6270.941753 7668.816756 7973.680563 9615.738762 10511.35979 12322.58394 15467.04885 21867.16061 23639.20164 24763.53712 26014.40299 28835.93691 29469.27556 32375.06346 33226.41739 35756.91481 37782.52073 38322.28061 41966.62248 43966.40003 45299.95353 46433.83596 48571.54111 50229.26822 51955.16540 52297.53235 53614.97568 57082.90497 58535.13450 65144.59587 73210.47090 89376.78402 116832.4824 188864.4861 9464090.286
