    unsorted:	 -7.105427359e-15 3.444270931e-05 597.6004557 588.5109293 601.4905377 629.4579321 655.7109014 519.3388428 446.6347469 443.1734954 752.4566917 329.2684288 240.7576334 102.4522888 113.2046031 53.29508959 23.96686086 1002.503705 1574.595688 1837.290716 2414.905020 2681.227071 3676.361880 3872.259802 4406.937557 4509.220017 4887.795486 5137.362442 5705.588023 6424.860609 9148.061156 10106.38457 11529.75695 12889.76741 14559.12825 14806.90100 15800.74982 17794.32192 21851.97013 23588.79355 24712.49355 26221.56078 28395.72246 28480.48356 30513.77200 34074.27448 35773.73653 36375.03731 39223.93261 41132.33117 43575.61752 52471.45562 53532.81547 58982.30830 69827.97350 67827.70089 87225.67740 103883.4498 128362.9143 168976.5681 185648.4449
      sorted:	 -7.105427359e-15 3.444270931e-05 23.96686086 53.29508959 102.4522888 113.2046031 240.7576334 329.2684288 443.1734954 446.6347469 519.3388428 588.5109293 597.6004557 601.4905377 629.4579321 655.7109014 752.4566917 1002.503705 1574.595688 1837.290716 2414.905020 2681.227071 3676.361880 3872.259802 4406.937557 4509.220017 4887.795486 5137.362442 5705.588023 6424.860609 9148.061156 10106.38457 11529.75695 12889.76741 14559.12825 14806.90100 15800.74982 17794.32192 21851.97013 23588.79355 24712.49355 26221.56078 28395.72246 28480.48356 30513.77200 34074.27448 35773.73653 36375.03731 39223.93261 41132.33117 43575.61752 52471.45562 53532.81547 58982.30830 67827.70089 69827.97350 87225.67740 103883.4498 128362.9143 168976.5681 185648.4449
