    unsorted:	 1207.082268 1203.689578 1276.657108 1272.767587 1185.247731 1339.845189 1391.141400 1376.029941 1403.143565 1425.318834 1467.937176 1114.108859 1041.325722 1586.415737 1630.438901 984.6953297 1746.114577 1829.056237 864.2727366 684.5321215 689.7510840 2016.988828 2132.434745 2122.455440 2511.189910 2648.434676 2821.787421 2972.459055 3121.098800 3109.760690 3285.137855 3334.580927 3566.392036 224.9206478 92.26653512 60.91842079 3659.497416 3758.923751 8434.361844 34492.55676 34441.05079 37088.43446 36248.29464 38591.25596 38471.13297 32672.04737 40528.49384 41550.69437 42249.20780 31432.03474 43494.64084 28998.88963 44756.41318 45594.18384 26815.58847 47290.04640 49969.13384 52636.30249 59265.84741 61855.26216 84081.72182 89221.34351 110002.2904 205339.0057 2.479800101e-06 2.479800101e-06
      sorted:	 2.479800101e-06 2.479800101e-06 60.91842079 92.26653512 224.9206478 684.5321215 689.7510840 864.2727366 984.6953297 1041.325722 1114.108859 1185.247731 1203.689578 1207.082268 1272.767587 1276.657108 1339.845189 1376.029941 1391.141400 1403.143565 1425.318834 1467.937176 1586.415737 1630.438901 1746.114577 1829.056237 2016.988828 2122.455440 2132.434745 2511.189910 2648.434676 2821.787421 2972.459055 3109.760690 3121.098800 3285.137855 3334.580927 3566.392036 3659.497416 3758.923751 8434.361844 26815.58847 28998.88963 31432.03474 32672.04737 34441.05079 34492.55676 36248.29464 37088.43446 38471.13297 38591.25596 40528.49384 41550.69437 42249.20780 43494.64084 44756.41318 45594.18384 47290.04640 49969.13384 52636.30249 59265.84741 61855.26216 84081.72182 89221.34351 110002.2904 205339.0057
