    unsorted:	 1247.295453 1278.911982 1305.426076 1322.974135 1344.772958 1215.797553 1208.344637 1395.937451 1409.656834 1430.743855 1451.461112 1173.545417 1538.301759 1090.090318 1635.879443 1014.439138 951.3503659 1797.075600 1833.733700 795.5894415 775.5883914 684.6561791 1973.965221 2129.758495 2196.101385 2310.845619 2541.518503 2677.760068 2843.497485 3034.573611 3120.688208 3131.253834 3329.762578 3361.043914 248.0983501 96.82776656 59.37391827 3588.356082 3688.166979 3783.957869 8135.021245 37088.58748 37477.83564 36095.78937 34835.91778 34998.11750 33152.97727 32213.15368 29927.22120 29354.59181 40805.11490 40631.29892 42188.09455 42736.16864 42964.44296 26340.22650 44900.67160 46002.91891 47289.52261 49484.05614 50344.32905 56526.96083 61277.45270 71890.05565 85724.77256 100449.3070 114110.2126 189504.0521 2.479800101e-06 2.479800101e-06
      sorted:	 2.479800101e-06 2.479800101e-06 59.37391827 96.82776656 248.0983501 684.6561791 775.5883914 795.5894415 951.3503659 1014.439138 1090.090318 1173.545417 1208.344637 1215.797553 1247.295453 1278.911982 1305.426076 1322.974135 1344.772958 1395.937451 1409.656834 1430.743855 1451.461112 1538.301759 1635.879443 1797.075600 1833.733700 1973.965221 2129.758495 2196.101385 2310.845619 2541.518503 2677.760068 2843.497485 3034.573611 3120.688208 3131.253834 3329.762578 3361.043914 3588.356082 3688.166979 3783.957869 8135.021245 26340.22650 29354.59181 29927.22120 32213.15368 33152.97727 34835.91778 34998.11750 36095.78937 37088.58748 37477.83564 40631.29892 40805.11490 42188.09455 42736.16864 42964.44296 44900.67160 46002.91891 47289.52261 49484.05614 50344.32905 56526.96083 61277.45270 71890.05565 85724.77256 100449.3070 114110.2126 189504.0521
