    unsorted:	 1394.723108 1385.720369 1408.964347 1428.582849 1334.975229 1282.695193 1270.890045 1202.703089 1197.822408 1222.242439 1147.252182 1496.207655 1068.601559 994.0643655 963.2862637 915.8081338 1621.711001 1764.874842 1773.687088 1884.586556 787.6736096 684.6963563 2056.787457 2130.761756 2194.964441 2516.796785 2653.511113 2852.801306 3032.655694 3121.716203 3111.877879 3317.971481 3330.339973 233.5577768 93.11143261 59.47829555 3573.640776 3674.112545 3761.353736 8245.335790 37254.02448 36668.94132 35289.19391 34622.51186 32366.54274 32925.34051 30467.64785 29141.20335 39877.61654 40176.90946 41127.47416 41993.65525 42551.76869 44147.07627 26493.91246 45755.65251 46957.91320 48516.92109 50070.32480 55875.37314 60982.85008 67920.61628 85258.13506 94813.56231 111406.1501 197064.4911 2.479800101e-06 2.479800101e-06
      sorted:	 2.479800101e-06 2.479800101e-06 59.47829555 93.11143261 233.5577768 684.6963563 787.6736096 915.8081338 963.2862637 994.0643655 1068.601559 1147.252182 1197.822408 1202.703089 1222.242439 1270.890045 1282.695193 1334.975229 1385.720369 1394.723108 1408.964347 1428.582849 1496.207655 1621.711001 1764.874842 1773.687088 1884.586556 2056.787457 2130.761756 2194.964441 2516.796785 2653.511113 2852.801306 3032.655694 3111.877879 3121.716203 3317.971481 3330.339973 3573.640776 3674.112545 3761.353736 8245.335790 26493.91246 29141.20335 30467.64785 32366.54274 32925.34051 34622.51186 35289.19391 36668.94132 37254.02448 39877.61654 40176.90946 41127.47416 41993.65525 42551.76869 44147.07627 45755.65251 46957.91320 48516.92109 50070.32480 55875.37314 60982.85008 67920.61628 85258.13506 94813.56231 111406.1501 197064.4911
