    unsorted:	 1345.329335 1353.611808 1319.799962 1298.760613 1376.481562 1237.918501 1212.377161 1170.129020 1174.906874 1422.253439 1118.946002 1054.647190 979.3122062 950.4941391 1571.852289 1636.617650 864.3487038 1738.950735 779.5296467 684.4034948 1946.423942 2067.348861 2133.070578 2509.146719 2657.851588 201.8183091 0.003153815636 66.87592047 2913.942352 3022.619112 3137.811453 3340.580640 3362.560746 3581.784928 3719.582796 3889.765000 9819.174557 37561.73594 36407.18754 35041.24805 34209.41697 38244.42788 33086.70872 31690.06343 40723.22055 42307.99228 42220.61381 29634.47410 44217.56654 45274.29226 27477.33413 46877.13570 48111.28579 51075.92934 56866.74784 60381.81679 80118.28338 85660.28993 108331.9804 223912.0826 2.479800101e-06 2.479800101e-06
      sorted:	 2.479800101e-06 2.479800101e-06 0.003153815636 66.87592047 201.8183091 684.4034948 779.5296467 864.3487038 950.4941391 979.3122062 1054.647190 1118.946002 1170.129020 1174.906874 1212.377161 1237.918501 1298.760613 1319.799962 1345.329335 1353.611808 1376.481562 1422.253439 1571.852289 1636.617650 1738.950735 1946.423942 2067.348861 2133.070578 2509.146719 2657.851588 2913.942352 3022.619112 3137.811453 3340.580640 3362.560746 3581.784928 3719.582796 3889.765000 9819.174557 27477.33413 29634.47410 31690.06343 33086.70872 34209.41697 35041.24805 36407.18754 37561.73594 38244.42788 40723.22055 42220.61381 42307.99228 44217.56654 45274.29226 46877.13570 48111.28579 51075.92934 56866.74784 60381.81679 80118.28338 85660.28993 108331.9804 223912.0826
