    unsorted:	 1238.847364 1359.006752 1366.380069 1379.806726 1395.379378 1317.077694 1254.619703 1428.329815 1185.945971 1172.288777 1147.433692 1072.580758 1009.143990 1562.754264 1609.348942 952.4795769 1748.433185 1790.462503 857.1198369 774.6075577 684.9183527 2000.894402 2112.376636 2511.765930 2606.761496 2660.200189 2922.923191 3110.556097 3135.272883 3315.560702 3357.557101 217.0042555 3593.917223 83.67699786 55.33522938 3689.565661 3832.441602 8109.979877 37406.10040 36379.56713 35502.94442 34849.72517 38394.44094 32984.76093 39715.01485 40793.96287 42231.29203 42386.35767 31629.53742 29399.19091 44240.73212 27288.45758 45487.17458 47248.24673 49516.79673 50571.78672 57665.20233 61137.08571 82259.74354 86993.82129 109117.0347 214237.1105 2.479800101e-06 2.479800101e-06
      sorted:	 2.479800101e-06 2.479800101e-06 55.33522938 83.67699786 217.0042555 684.9183527 774.6075577 857.1198369 952.4795769 1009.143990 1072.580758 1147.433692 1172.288777 1185.945971 1238.847364 1254.619703 1317.077694 1359.006752 1366.380069 1379.806726 1395.379378 1428.329815 1562.754264 1609.348942 1748.433185 1790.462503 2000.894402 2112.376636 2511.765930 2606.761496 2660.200189 2922.923191 3110.556097 3135.272883 3315.560702 3357.557101 3593.917223 3689.565661 3832.441602 8109.979877 27288.45758 29399.19091 31629.53742 32984.76093 34849.72517 35502.94442 36379.56713 37406.10040 38394.44094 39715.01485 40793.96287 42231.29203 42386.35767 44240.73212 45487.17458 47248.24673 49516.79673 50571.78672 57665.20233 61137.08571 82259.74354 86993.82129 109117.0347 214237.1105
