    unsorted:	 1.906491579e-15 5.460878312e-07 2.146552540e-06 0.002192074981 676.6682448 676.6682103 47.14120574 40.60183945 57.77633030 23.67906933 100.2751881 1272.616682 1280.560333 1216.541569 1311.899535 1120.965887 1070.659177 1043.298717 908.7458103 929.0576808 800.0344068 1423.182309 1467.625225 1506.999332 286.0504611 462.4747192 1657.150424 1817.996976 1768.430102 1903.150206 1907.951722 2002.660093 2123.262943 2143.937768 2790.102545 25827.54917 25515.34088 26685.57918 27531.11650 28325.33571 28924.06017 30658.14315 31740.63380 21370.42666 35017.60028 35650.24070 37698.84529 40336.69428 40673.53030 14392.98105 43660.50777 46348.97035 50282.47273 52136.94615 52387.71550 58557.44395 60756.90172 64943.06301 69297.09300 86168.73772 111293.0453 126767.2579 189296.6663
      sorted:	 1.906491579e-15 5.460878312e-07 2.146552540e-06 0.002192074981 23.67906933 40.60183945 47.14120574 57.77633030 100.2751881 286.0504611 462.4747192 676.6682103 676.6682448 800.0344068 908.7458103 929.0576808 1043.298717 1070.659177 1120.965887 1216.541569 1272.616682 1280.560333 1311.899535 1423.182309 1467.625225 1506.999332 1657.150424 1768.430102 1817.996976 1903.150206 1907.951722 2002.660093 2123.262943 2143.937768 2790.102545 14392.98105 21370.42666 25515.34088 25827.54917 26685.57918 27531.11650 28325.33571 28924.06017 30658.14315 31740.63380 35017.60028 35650.24070 37698.84529 40336.69428 40673.53030 43660.50777 46348.97035 50282.47273 52136.94615 52387.71550 58557.44395 60756.90172 64943.06301 69297.09300 86168.73772 111293.0453 126767.2579 189296.6663
