    unsorted:	 -2.106877124e-15 2.209089128e-14 4.318511788e-07 1.168312798e-05 677.2760249 677.2779460 1277.688731 1218.910455 1297.568921 1318.099204 1077.136145 1115.868648 1063.479328 1435.858819 1475.318003 933.5228603 913.2048401 1519.765731 806.9015763 1674.189910 1780.411862 1834.936470 1897.283560 1928.975619 2022.760709 47.28267601 40.68110723 57.70861599 23.58898698 100.2877923 292.6468147 461.1668567 2129.384184 2167.991213 2775.913914 25916.82503 25662.84046 26752.21511 27549.01862 28366.44560 28880.10345 30589.88459 31802.20936 21421.18500 35037.22122 35643.46926 37655.53208 40421.38216 40199.64866 14494.52384 43661.97278 46314.61728 52157.36523 52026.97225 50257.83159 58229.51336 60424.12173 64895.64475 69312.63815 86129.52427 110942.9864 126555.5827 189317.5144
      sorted:	 -2.106877124e-15 2.209089128e-14 4.318511788e-07 1.168312798e-05 23.58898698 40.68110723 47.28267601 57.70861599 100.2877923 292.6468147 461.1668567 677.2760249 677.2779460 806.9015763 913.2048401 933.5228603 1063.479328 1077.136145 1115.868648 1218.910455 1277.688731 1297.568921 1318.099204 1435.858819 1475.318003 1519.765731 1674.189910 1780.411862 1834.936470 1897.283560 1928.975619 2022.760709 2129.384184 2167.991213 2775.913914 14494.52384 21421.18500 25662.84046 25916.82503 26752.21511 27549.01862 28366.44560 28880.10345 30589.88459 31802.20936 35037.22122 35643.46926 37655.53208 40199.64866 40421.38216 43661.97278 46314.61728 50257.83159 52026.97225 52157.36523 58229.51336 60424.12173 64895.64475 69312.63815 86129.52427 110942.9864 126555.5827 189317.5144
