    unsorted:	 680.0071003 680.0071001 -7.209297290e-09 3.065833164e-05 1299.804176 1233.524961 1330.300937 1175.836901 1114.554137 1083.937555 1405.564354 1493.700806 1512.348198 967.0127517 930.7358619 1589.208193 845.2377468 1760.300165 1830.937758 1871.780592 1920.146679 2037.980996 2124.568635 2161.073509 333.2393585 462.2278203 41.02379158 48.01609161 57.17525549 23.01868079 100.3470340 2291.007855 2710.400602 26700.70024 27112.27390 27726.01343 26287.14003 28800.72429 28657.12750 30397.30029 32125.35603 34937.47779 35247.55794 35663.01731 21693.14940 37644.79898 38945.22657 39826.67743 14990.88021 43701.52673 45651.22876 50009.33704 50812.40498 52207.04391 56366.41469 58746.08683 64684.32985 69333.68981 85801.31682 109066.9153 125465.2220 189412.1564 -511930.4751
      sorted:	 -511930.4751 -7.209297290e-09 3.065833164e-05 23.01868079 41.02379158 48.01609161 57.17525549 100.3470340 333.2393585 462.2278203 680.0071001 680.0071003 845.2377468 930.7358619 967.0127517 1083.937555 1114.554137 1175.836901 1233.524961 1299.804176 1330.300937 1405.564354 1493.700806 1512.348198 1589.208193 1760.300165 1830.937758 1871.780592 1920.146679 2037.980996 2124.568635 2161.073509 2291.007855 2710.400602 14990.88021 21693.14940 26287.14003 26700.70024 27112.27390 27726.01343 28657.12750 28800.72429 30397.30029 32125.35603 34937.47779 35247.55794 35663.01731 37644.79898 38945.22657 39826.67743 43701.52673 45651.22876 50009.33704 50812.40498 52207.04391 56366.41469 58746.08683 64684.32985 69333.68981 85801.31682 109066.9153 125465.2220 189412.1564
