    unsorted:	 679.5034505 679.5034505 -1.624781502e-10 9.067644254e-08 0.05629308130 1295.599860 1229.843684 1325.796972 1110.970562 1155.336551 1083.639474 1385.450666 1504.928070 1483.037693 959.1595358 927.3390587 1574.680410 837.0263143 1743.114689 1822.613171 1875.148208 1903.694694 2015.668233 2154.477877 2104.024627 40.96241566 47.86777722 57.30636650 23.14983292 100.3348580 460.5753997 324.7236827 2266.235134 2722.680287 6650.396991 26503.93901 27036.51561 26171.41756 27676.94437 28795.54625 28588.19419 30415.44583 21636.02740 32058.75490 14893.66227 35198.93281 35643.46069 37621.57713 39195.27714 39921.41663 43694.09227 45830.17707 50285.51189 50801.06216 52187.88182 56765.19673 59083.75260 64730.51340 69337.81024 85885.06000 109460.2947 125687.6487 189394.5042
      sorted:	 -1.624781502e-10 9.067644254e-08 0.05629308130 23.14983292 40.96241566 47.86777722 57.30636650 100.3348580 324.7236827 460.5753997 679.5034505 679.5034505 837.0263143 927.3390587 959.1595358 1083.639474 1110.970562 1155.336551 1229.843684 1295.599860 1325.796972 1385.450666 1483.037693 1504.928070 1574.680410 1743.114689 1822.613171 1875.148208 1903.694694 2015.668233 2104.024627 2154.477877 2266.235134 2722.680287 6650.396991 14893.66227 21636.02740 26171.41756 26503.93901 27036.51561 27676.94437 28588.19419 28795.54625 30415.44583 32058.75490 35198.93281 35643.46069 37621.57713 39195.27714 39921.41663 43694.09227 45830.17707 50285.51189 50801.06216 52187.88182 56765.19673 59083.75260 64730.51340 69337.81024 85885.06000 109460.2947 125687.6487 189394.5042
