    unsorted:	 -3.640185487e-14 2.219100015e-14 5.479527451e-07 1.088595135e-05 678.9781083 678.9780918 1291.359692 1321.342092 1226.757908 1365.653024 1109.054605 1134.165326 1082.527991 1497.654062 1471.801296 1560.417273 951.8041349 924.0480565 829.1140718 1725.836746 1813.142253 1888.670654 1877.956834 1993.593793 40.89734663 47.71955269 57.42530545 23.27186435 100.3230544 316.2938065 459.8132295 2083.557056 2148.007666 2241.496308 2735.431304 26322.21933 26056.32314 26962.64388 27635.34570 28802.11650 28524.51575 30444.19958 31993.13270 21580.35195 35149.74048 35635.65087 37610.65651 39456.01338 40022.09121 14795.14682 43684.76908 45993.37223 50350.44504 51009.25762 52172.38160 57151.85792 59419.85668 64772.69131 69337.31842 85959.46321 109844.0959 125907.9723 189376.2188
      sorted:	 -3.640185487e-14 2.219100015e-14 5.479527451e-07 1.088595135e-05 23.27186435 40.89734663 47.71955269 57.42530545 100.3230544 316.2938065 459.8132295 678.9780918 678.9781083 829.1140718 924.0480565 951.8041349 1082.527991 1109.054605 1134.165326 1226.757908 1291.359692 1321.342092 1365.653024 1471.801296 1497.654062 1560.417273 1725.836746 1813.142253 1877.956834 1888.670654 1993.593793 2083.557056 2148.007666 2241.496308 2735.431304 14795.14682 21580.35195 26056.32314 26322.21933 26962.64388 27635.34570 28524.51575 28802.11650 30444.19958 31993.13270 35149.74048 35635.65087 37610.65651 39456.01338 40022.09121 43684.76908 45993.37223 50350.44504 51009.25762 52172.38160 57151.85792 59419.85668 64772.69131 69337.31842 85959.46321 109844.0959 125907.9723 189376.2188
