    unsorted:	 -4.106432622e-14 -1.638741001e-08 1.121352806e-05 678.4343091 678.4333820 1286.890037 1316.336306 1346.494935 1223.829125 1113.806006 1108.021486 1079.808294 1460.109855 1490.216111 944.7836110 920.5202238 1546.408582 821.2391179 1708.463129 1802.754230 1867.924939 1886.824539 1971.723574 2063.108257 2141.730208 47.57115391 40.82807410 57.53118578 23.38417695 100.3110946 307.8269127 459.7246455 2216.787632 2748.533396 26160.82955 25936.33340 26890.72066 27600.65527 28819.23351 28466.50141 30483.39210 31928.44967 21526.10523 35104.62880 35634.81579 37613.28785 39722.76795 40129.41230 14695.64457 43675.43041 46133.10320 50310.69080 51337.25343 52160.63117 57525.47172 59754.49203 64812.90569 69332.56487 86024.76064 110218.8590 126126.1621 189357.2989 213653.0311
      sorted:	 -1.638741001e-08 -4.106432622e-14 1.121352806e-05 23.38417695 40.82807410 47.57115391 57.53118578 100.3110946 307.8269127 459.7246455 678.4333820 678.4343091 821.2391179 920.5202238 944.7836110 1079.808294 1108.021486 1113.806006 1223.829125 1286.890037 1316.336306 1346.494935 1460.109855 1490.216111 1546.408582 1708.463129 1802.754230 1867.924939 1886.824539 1971.723574 2063.108257 2141.730208 2216.787632 2748.533396 14695.64457 21526.10523 25936.33340 26160.82955 26890.72066 27600.65527 28466.50141 28819.23351 30483.39210 31928.44967 35104.62880 35634.81579 37613.28785 39722.76795 40129.41230 43675.43041 46133.10320 50310.69080 51337.25343 52160.63117 57525.47172 59754.49203 64812.90569 69332.56487 86024.76064 110218.8590 126126.1621 189357.2989 213653.0311
