    unsorted:	 3.286260161e-14 -2.889200839e-07 1.183085334e-05 677.8647374 677.8623645 1282.497855 1309.772340 1329.649733 1221.295886 1112.229429 1091.373698 1075.225174 1448.184510 1482.886258 1532.923764 938.7632900 917.0697701 813.9579466 1691.267393 1791.872998 1851.699532 1891.802726 1950.230447 2042.894834 2135.622840 2192.325166 460.2439125 47.42625931 40.75661874 57.62643374 23.49056369 100.2994558 300.2122839 2762.161137 26025.62009 25804.98912 26820.60769 27571.83319 28413.63146 28844.59146 30531.12648 31864.90903 21473.12760 35064.93850 35637.40698 37631.44145 39983.28276 40249.84850 14595.42079 43667.58507 46241.71441 50268.71740 51686.70686 52153.13989 57886.77807 60091.00277 64854.22797 69324.79996 86081.67513 110585.6892 126342.3053 189337.7058 8051705.425
      sorted:	 -2.889200839e-07 3.286260161e-14 1.183085334e-05 23.49056369 40.75661874 47.42625931 57.62643374 100.2994558 300.2122839 460.2439125 677.8623645 677.8647374 813.9579466 917.0697701 938.7632900 1075.225174 1091.373698 1112.229429 1221.295886 1282.497855 1309.772340 1329.649733 1448.184510 1482.886258 1532.923764 1691.267393 1791.872998 1851.699532 1891.802726 1950.230447 2042.894834 2135.622840 2192.325166 2762.161137 14595.42079 21473.12760 25804.98912 26025.62009 26820.60769 27571.83319 28413.63146 28844.59146 30531.12648 31864.90903 35064.93850 35637.40698 37631.44145 39983.28276 40249.84850 43667.58507 46241.71441 50268.71740 51686.70686 52153.13989 57886.77807 60091.00277 64854.22797 69324.79996 86081.67513 110585.6892 126342.3053 189337.7058 8051705.425
