    unsorted:	 2.372096933e-09 -2.634877223e-09 679.2435894 679.2435895 2.816814454 1293.484571 1109.765429 1144.790977 1083.218265 1228.240456 1323.577723 1375.498090 1501.284159 1477.477817 955.4083584 925.6813161 1567.509682 833.0258832 1734.478492 1817.992463 1876.928703 1895.718008 2004.600243 40.93032252 47.79357668 57.36738729 23.21196046 100.3288954 320.4572598 460.0913733 2093.779764 2151.226532 2253.858777 2728.992282 12790.49701 26410.91637 26114.04757 26999.35329 27655.22399 28797.41418 28555.64531 30428.47896 32025.81427 21608.02306 14844.57151 35174.03944 35638.39181 37614.48296 39324.55003 39971.03099 43689.54700 45914.27264 50343.21553 50878.64175 52179.66921 56960.21095 59252.09137 64751.99908 69338.15596 85923.46873 109653.4442 125798.0952 189385.4402
      sorted:	 -2.634877223e-09 2.372096933e-09 2.816814454 23.21196046 40.93032252 47.79357668 57.36738729 100.3288954 320.4572598 460.0913733 679.2435894 679.2435895 833.0258832 925.6813161 955.4083584 1083.218265 1109.765429 1144.790977 1228.240456 1293.484571 1323.577723 1375.498090 1477.477817 1501.284159 1567.509682 1734.478492 1817.992463 1876.928703 1895.718008 2004.600243 2093.779764 2151.226532 2253.858777 2728.992282 12790.49701 14844.57151 21608.02306 26114.04757 26410.91637 26999.35329 27655.22399 28555.64531 28797.41418 30428.47896 32025.81427 35174.03944 35638.39181 37614.48296 39324.55003 39971.03099 43689.54700 45914.27264 50343.21553 50878.64175 52179.66921 56960.21095 59252.09137 64751.99908 69338.15596 85923.46873 109653.4442 125798.0952 189385.4402
