    unsorted:	 5.240244731e-14 3.760703671e-09 1.008470590e-05 680.2508493 680.2508198 1301.915633 1235.735534 1332.639433 1185.576270 1116.804400 1083.985450 1415.687727 1498.729272 1516.208046 971.1178035 932.4994428 1596.550746 849.4632097 1768.815979 1834.470576 1870.574292 1928.425703 41.05299801 48.08984849 57.10511706 22.94950055 100.3533549 337.4310649 463.4508821 2049.222396 2134.867102 2164.416556 -192.9253982 2303.388236 2704.447111 26803.71372 27150.87840 27753.48973 26346.19207 28808.42751 28693.08085 30392.26293 32159.00356 21722.29410 35269.54238 35679.01673 37660.37703 38825.53246 39781.78889 15038.97480 43703.81748 45558.47924 49830.46546 50860.51333 52217.99675 56162.96306 58576.78686 64659.18158 69329.82776 85755.98721 108866.6887 125353.2133 189420.7447
      sorted:	 -192.9253982 5.240244731e-14 3.760703671e-09 1.008470590e-05 22.94950055 41.05299801 48.08984849 57.10511706 100.3533549 337.4310649 463.4508821 680.2508198 680.2508493 849.4632097 932.4994428 971.1178035 1083.985450 1116.804400 1185.576270 1235.735534 1301.915633 1332.639433 1415.687727 1498.729272 1516.208046 1596.550746 1768.815979 1834.470576 1870.574292 1928.425703 2049.222396 2134.867102 2164.416556 2303.388236 2704.447111 15038.97480 21722.29410 26346.19207 26803.71372 27150.87840 27753.48973 28693.08085 28808.42751 30392.26293 32159.00356 35269.54238 35679.01673 37660.37703 38825.53246 39781.78889 43703.81748 45558.47924 49830.46546 50860.51333 52217.99675 56162.96306 58576.78686 64659.18158 69329.82776 85755.98721 108866.6887 125353.2133 189420.7447
