    unsorted:	 -2.354531502e-14 1.372321527e-13 5.206296233e-07 1.473615459e-05 675.7141068 675.7139757 1265.167176 1252.101537 1213.386372 1305.485760 1130.343529 1063.202004 1010.869570 901.4618711 924.1377420 1403.716622 1456.214119 1488.764595 790.4069443 1632.075186 1792.683296 1749.600674 1876.929647 1912.406254 1972.969220 2106.102220 2116.692328 46.93498029 40.47903985 57.85706876 23.80507079 100.2569380 277.6752187 464.9767960 2811.832173 26588.90102 25717.16593 25297.19857 27511.69033 28274.65241 29004.52916 30777.00598 31650.30831 21296.01819 35008.29557 35661.38091 37787.69972 40470.60241 41115.32938 14240.52481 43668.08159 46331.45584 50392.62150 52145.94953 52875.33497 59014.54403 61254.26138 65028.23270 69267.10790 86212.06616 111802.6585 127079.8854 189264.1703
      sorted:	 -2.354531502e-14 1.372321527e-13 5.206296233e-07 1.473615459e-05 23.80507079 40.47903985 46.93498029 57.85706876 100.2569380 277.6752187 464.9767960 675.7139757 675.7141068 790.4069443 901.4618711 924.1377420 1010.869570 1063.202004 1130.343529 1213.386372 1252.101537 1265.167176 1305.485760 1403.716622 1456.214119 1488.764595 1632.075186 1749.600674 1792.683296 1876.929647 1912.406254 1972.969220 2106.102220 2116.692328 2811.832173 14240.52481 21296.01819 25297.19857 25717.16593 26588.90102 27511.69033 28274.65241 29004.52916 30777.00598 31650.30831 35008.29557 35661.38091 37787.69972 40470.60241 41115.32938 43668.08159 46331.45584 50392.62150 52145.94953 52875.33497 59014.54403 61254.26138 65028.23270 69267.10790 86212.06616 111802.6585 127079.8854 189264.1703
