    unsorted:	 2.151443016e-10 5.648619736e-06 0.01235023404 676.9753585 676.9753693 -14.80352553 40.64165202 47.21138223 23.63462104 57.74328215 100.2811158 289.3264916 911.0259629 931.1710134 1073.521619 1053.769369 1118.298847 1217.688270 1275.213102 1289.381551 1314.619595 803.4355286 1429.534584 1471.478305 1513.319840 461.7802638 1665.627468 1774.475344 1826.453903 1900.192067 1918.388863 2012.669310 2126.331723 2155.864200 2782.966868 25870.25342 25589.16845 26718.66056 27539.57140 28345.26700 28901.28498 30623.10187 31771.31843 21395.67201 35026.13433 35646.85561 37676.02319 14443.64277 40539.80458 40276.25861 43660.68055 46336.46420 52229.26858 52126.02638 50264.95668 58395.64819 60590.37717 64918.52875 69305.16144 86150.07235 111119.0582 126661.7887 189307.1757
      sorted:	 -14.80352553 2.151443016e-10 5.648619736e-06 0.01235023404 23.63462104 40.64165202 47.21138223 57.74328215 100.2811158 289.3264916 461.7802638 676.9753585 676.9753693 803.4355286 911.0259629 931.1710134 1053.769369 1073.521619 1118.298847 1217.688270 1275.213102 1289.381551 1314.619595 1429.534584 1471.478305 1513.319840 1665.627468 1774.475344 1826.453903 1900.192067 1918.388863 2012.669310 2126.331723 2155.864200 2782.966868 14443.64277 21395.67201 25589.16845 25870.25342 26718.66056 27539.57140 28345.26700 28901.28498 30623.10187 31771.31843 35026.13433 35646.85561 37676.02319 40276.25861 40539.80458 43660.68055 46336.46420 50264.95668 52126.02638 52229.26858 58395.64819 60590.37717 64918.52875 69305.16144 86150.07235 111119.0582 126661.7887 189307.1757
