    unsorted:	 6.921741338e-15 678.1511458 678.1511417 -4.535870068e-07 1112.234759 1102.100134 1078.011412 1284.812597 1222.711495 1313.549955 1338.183751 1454.238138 1486.623395 1539.679568 941.8887723 918.9722774 817.8440045 1699.986481 1797.603364 1860.119625 1900.812812 1962.402484 2053.076881 466.3409503 307.3346100 64.58601216 57.07070731 44.22569579 101.0486535 23.95257420 2204.488346 2722.505199 28785.82493 28871.82820 27784.18732 27293.56892 26182.77409 26053.42907 30510.70253 21802.21177 33563.24273 35132.27722 37595.70791 38670.08744 39878.94070 40234.95665 9868.283796 14872.38249 45873.48690 48013.22937 51500.57941 51750.53307 57746.52687 56385.44709 59938.74071 67557.93695 81284.02397 110215.4628 112765.0739 189347.4456 -1152112.422 1213009.404 2687924.484
      sorted:	 -1152112.422 -4.535870068e-07 6.921741338e-15 23.95257420 44.22569579 57.07070731 64.58601216 101.0486535 307.3346100 466.3409503 678.1511417 678.1511458 817.8440045 918.9722774 941.8887723 1078.011412 1102.100134 1112.234759 1222.711495 1284.812597 1313.549955 1338.183751 1454.238138 1486.623395 1539.679568 1699.986481 1797.603364 1860.119625 1900.812812 1962.402484 2053.076881 2204.488346 2722.505199 9868.283796 14872.38249 21802.21177 26053.42907 26182.77409 27293.56892 27784.18732 28785.82493 28871.82820 30510.70253 33563.24273 35132.27722 37595.70791 38670.08744 39878.94070 40234.95665 45873.48690 48013.22937 51500.57941 51750.53307 56385.44709 57746.52687 59938.74071 67557.93695 81284.02397 110215.4628 112765.0739 189347.4456 1213009.404 2687924.484
