    unsorted:	 -9.497579515e-14 4.040821387e-08 1.162754516e-05 0.0001766819344 677.6938828 677.6933328 1280.952689 1306.704738 1325.240592 1220.430518 1113.013724 1085.831179 1072.787515 1444.437816 1480.517377 1528.845519 936.9518280 915.7259327 811.7404353 1686.059361 1788.354564 1846.576446 1893.245260 1943.746779 2036.746823 47.38065831 40.73236581 57.65029181 23.51899760 100.2952692 297.7829403 460.4643069 2133.615060 2184.918632 2766.041513 25990.60731 25763.34513 26799.94137 27564.87226 28398.83884 28855.42125 30548.71267 31845.97169 21457.23898 35056.70264 35639.53561 37634.20863 40294.09059 40056.30197 14564.79966 43665.33959 46267.20189 50262.00540 51791.09679 52152.23535 57989.90024 60189.40841 64865.67564 69321.03954 86096.59838 110693.6032 126406.4514 189331.7428
      sorted:	 -9.497579515e-14 4.040821387e-08 1.162754516e-05 0.0001766819344 23.51899760 40.73236581 47.38065831 57.65029181 100.2952692 297.7829403 460.4643069 677.6933328 677.6938828 811.7404353 915.7259327 936.9518280 1072.787515 1085.831179 1113.013724 1220.430518 1280.952689 1306.704738 1325.240592 1444.437816 1480.517377 1528.845519 1686.059361 1788.354564 1846.576446 1893.245260 1943.746779 2036.746823 2133.615060 2184.918632 2766.041513 14564.79966 21457.23898 25763.34513 25990.60731 26799.94137 27564.87226 28398.83884 28855.42125 30548.71267 31845.97169 35056.70264 35639.53561 37634.20863 40056.30197 40294.09059 43665.33959 46267.20189 50262.00540 51791.09679 52152.23535 57989.90024 60189.40841 64865.67564 69321.03954 86096.59838 110693.6032 126406.4514 189331.7428
