    unsorted:	 5.684341886e-14 678.7079212 678.7079212 9.729856509e-10 6.000004087e-07 0.9748531948 1289.185795 1318.989465 1225.314930 1355.966423 1108.719736 1123.588317 1081.425328 1493.997969 1466.018539 1553.397046 948.3032744 922.3721223 825.2322457 1717.180772 1808.081738 1885.644558 1875.032032 1982.651343 2073.352258 2144.820410 47.64566707 40.86340540 57.48014972 23.32964543 100.3170909 312.0473786 459.6914914 2229.151523 2741.934685 26238.51233 25997.29321 26926.43849 27617.07908 28809.16405 28494.67223 30462.28417 31960.66503 21553.05891 35126.30871 35634.51789 37609.88549 39588.96165 40074.70266 14745.54822 43680.00544 46066.65204 50334.15201 51167.80851 52166.01484 57340.73400 59587.93952 64792.92932 69335.65818 85993.43775 110032.8598 126017.3845 189366.8348
      sorted:	 5.684341886e-14 9.729856509e-10 6.000004087e-07 0.9748531948 23.32964543 40.86340540 47.64566707 57.48014972 100.3170909 312.0473786 459.6914914 678.7079212 678.7079212 825.2322457 922.3721223 948.3032744 1081.425328 1108.719736 1123.588317 1225.314930 1289.185795 1318.989465 1355.966423 1466.018539 1493.997969 1553.397046 1717.180772 1808.081738 1875.032032 1885.644558 1982.651343 2073.352258 2144.820410 2229.151523 2741.934685 14745.54822 21553.05891 25997.29321 26238.51233 26926.43849 27617.07908 28494.67223 28809.16405 30462.28417 31960.66503 35126.30871 35634.51789 37609.88549 39588.96165 40074.70266 43680.00544 46066.65204 50334.15201 51167.80851 52166.01484 57340.73400 59587.93952 64792.92932 69335.65818 85993.43775 110032.8598 126017.3845 189366.8348
