    unsorted:	 2.354531502e-14 -1.372321527e-13 5.671462036e-07 1.161301808e-05 677.5737919 677.5737801 1280.097949 1304.523362 1322.919017 1220.092392 1113.798708 1082.819922 1070.879005 1442.014591 1479.109504 1526.270761 936.0392589 915.1954813 810.4025563 1682.699919 1786.231130 1843.320586 1894.423942 1939.531916 2032.778148 47.35419650 40.71898262 57.66791759 23.54039243 100.2936863 296.2391831 460.6468641 2132.405195 2180.076280 2768.957617 25968.43346 25734.89198 26786.13524 27559.91523 28389.42801 28861.76797 30559.88634 31833.27420 21446.97969 35050.45337 35640.45693 37640.58521 40326.20228 40101.59839 14545.00084 43664.34277 46283.27728 50260.07625 51860.69777 52152.10823 58059.65864 60256.86728 64873.98420 69319.00619 86106.53135 110765.3619 126449.2489 189327.7040
      sorted:	 -1.372321527e-13 2.354531502e-14 5.671462036e-07 1.161301808e-05 23.54039243 40.71898262 47.35419650 57.66791759 100.2936863 296.2391831 460.6468641 677.5737801 677.5737919 810.4025563 915.1954813 936.0392589 1070.879005 1082.819922 1113.798708 1220.092392 1280.097949 1304.523362 1322.919017 1442.014591 1479.109504 1526.270761 1682.699919 1786.231130 1843.320586 1894.423942 1939.531916 2032.778148 2132.405195 2180.076280 2768.957617 14545.00084 21446.97969 25734.89198 25968.43346 26786.13524 27559.91523 28389.42801 28861.76797 30559.88634 31833.27420 35050.45337 35640.45693 37640.58521 40101.59839 40326.20228 43664.34277 46283.27728 50260.07625 51860.69777 52152.10823 58059.65864 60256.86728 64873.98420 69319.00619 86106.53135 110765.3619 126449.2489 189327.7040
