    unsorted:	 3.155014074e-08 2.625761777e-06 5.806660199e-06 0.002472189660 676.0391920 676.0391921 47.00244742 40.51967973 23.76302385 57.83321574 100.2625005 280.0985710 903.8052817 925.4131830 1021.681987 1065.473394 1126.955596 1214.313542 1267.845106 1261.418408 1307.401851 793.3970145 1410.259878 1459.864678 1494.637359 464.0702838 1640.311465 1801.061724 1755.961397 1909.334760 1887.136566 1982.748212 2115.274106 2122.233428 2804.535819 26620.74312 25751.64683 25368.94473 27517.14600 28290.06569 28975.51500 30735.13129 31680.23426 21320.71341 35008.38058 35657.52431 37754.82255 14291.39208 40431.64201 40964.16167 43664.09077 46346.00391 50346.55257 52142.63886 52715.38617 58867.43118 61088.90939 64997.78973 69278.27819 86199.77971 111635.1822 126976.3598 189275.1628
      sorted:	 3.155014074e-08 2.625761777e-06 5.806660199e-06 0.002472189660 23.76302385 40.51967973 47.00244742 57.83321574 100.2625005 280.0985710 464.0702838 676.0391920 676.0391921 793.3970145 903.8052817 925.4131830 1021.681987 1065.473394 1126.955596 1214.313542 1261.418408 1267.845106 1307.401851 1410.259878 1459.864678 1494.637359 1640.311465 1755.961397 1801.061724 1887.136566 1909.334760 1982.748212 2115.274106 2122.233428 2804.535819 14291.39208 21320.71341 25368.94473 25751.64683 26620.74312 27517.14600 28290.06569 28975.51500 30735.13129 31680.23426 35008.38058 35657.52431 37754.82255 40431.64201 40964.16167 43664.09077 46346.00391 50346.55257 52142.63886 52715.38617 58867.43118 61088.90939 64997.78973 69278.27819 86199.77971 111635.1822 126976.3598 189275.1628
