    unsorted:	 -4.050346019e-10 7.264284478e-08 679.7579624 679.7579624 0.06884359167 1297.703390 1231.586435 1328.027525 1112.590519 1165.715294 1083.850089 1395.479053 1508.604345 1488.456124 963.0301282 929.0196112 1581.916242 841.0967456 1751.727048 1826.951378 1873.357225 1911.886900 2026.795985 2114.288170 2157.760411 40.99357787 47.94199283 57.24230355 23.08542802 100.3408955 461.2791031 328.9945343 2278.619812 2716.481282 27074.15414 26600.67351 27700.51958 26228.97370 28796.56490 28622.06225 30405.04206 32091.93638 16785.64099 21664.39797 35223.66572 35651.42439 37631.73535 39068.67228 39873.26662 14942.43962 43698.17870 45742.15117 50167.60569 50785.83607 52197.00661 56567.21384 58915.09520 64708.03073 69336.33913 85844.34667 109264.7970 125576.6851 189403.4095
      sorted:	 -4.050346019e-10 7.264284478e-08 0.06884359167 23.08542802 40.99357787 47.94199283 57.24230355 100.3408955 328.9945343 461.2791031 679.7579624 679.7579624 841.0967456 929.0196112 963.0301282 1083.850089 1112.590519 1165.715294 1231.586435 1297.703390 1328.027525 1395.479053 1488.456124 1508.604345 1581.916242 1751.727048 1826.951378 1873.357225 1911.886900 2026.795985 2114.288170 2157.760411 2278.619812 2716.481282 14942.43962 16785.64099 21664.39797 26228.97370 26600.67351 27074.15414 27700.51958 28622.06225 28796.56490 30405.04206 32091.93638 35223.66572 35651.42439 37631.73535 39068.67228 39873.26662 43698.17870 45742.15117 50167.60569 50785.83607 52197.00661 56567.21384 58915.09520 64708.03073 69336.33913 85844.34667 109264.7970 125576.6851 189403.4095
