    unsorted:	 4.263256415e-14 -6.310887242e-30 5.261344987e-07 1.199775559e-05 676.3561916 676.3561893 1269.355325 1271.981664 1309.547888 1215.414003 1123.864943 1068.026386 1032.545000 1416.756784 1463.751510 906.3378539 927.1491149 1500.774335 796.6924074 1648.709967 1809.530412 1762.254265 1906.267845 1897.463356 1992.686132 47.07149636 40.56116737 57.80628749 23.72185719 100.2688302 282.9911486 463.2394684 2132.334299 2119.969990 2797.284632 26652.94642 25788.22562 25441.79228 27523.68906 28306.93678 28948.86491 30695.54538 31710.30386 21345.44275 35011.70398 35653.85987 37725.15227 40387.40249 40816.20995 14342.17264 43661.57291 46351.83568 50309.57274 52140.00184 52552.23807 58714.66372 60922.95145 64969.32214 69288.06692 86185.24259 111465.0009 126872.0870 189285.9967
      sorted:	 -6.310887242e-30 4.263256415e-14 5.261344987e-07 1.199775559e-05 23.72185719 40.56116737 47.07149636 57.80628749 100.2688302 282.9911486 463.2394684 676.3561893 676.3561916 796.6924074 906.3378539 927.1491149 1032.545000 1068.026386 1123.864943 1215.414003 1269.355325 1271.981664 1309.547888 1416.756784 1463.751510 1500.774335 1648.709967 1762.254265 1809.530412 1897.463356 1906.267845 1992.686132 2119.969990 2132.334299 2797.284632 14342.17264 21345.44275 25441.79228 25788.22562 26652.94642 27523.68906 28306.93678 28948.86491 30695.54538 31710.30386 35011.70398 35653.85987 37725.15227 40387.40249 40816.20995 43661.57291 46351.83568 50309.57274 52140.00184 52552.23807 58714.66372 60922.95145 64969.32214 69288.06692 86185.24259 111465.0009 126872.0870 189285.9967
