    unsorted:	 2.205176475e-06 0.002181840353 650.1176870 643.2570311 703.7961288 692.0360146 761.7376463 823.1944999 866.6147930 445.5362110 331.7061532 112.4494015 125.9956132 185.3002361 54.06772141 36.19071755 1015.971019 1328.487941 1303.561865 2149.570118 2882.284047 2910.177264 3704.476117 4853.588864 5122.606632 6033.614890 6287.465734 6483.593520 7344.659806 7485.036985 8947.170527 12223.89804 12185.71111 20428.10059 19641.15763 22069.01502 24496.98139 26204.28691 26434.54580 27838.60245 30502.53354 32396.66093 34287.66889 36137.36331 38029.82986 41518.04939 41764.15301 42665.77440 46837.11431 47285.98870 48889.76146 50272.64420 50411.45067 53185.68521 56220.69625 59192.52694 70598.04493 82961.18517 100773.1160 124509.5652 188341.3805
      sorted:	 2.205176475e-06 0.002181840353 36.19071755 54.06772141 112.4494015 125.9956132 185.3002361 331.7061532 445.5362110 643.2570311 650.1176870 692.0360146 703.7961288 761.7376463 823.1944999 866.6147930 1015.971019 1303.561865 1328.487941 2149.570118 2882.284047 2910.177264 3704.476117 4853.588864 5122.606632 6033.614890 6287.465734 6483.593520 7344.659806 7485.036985 8947.170527 12185.71111 12223.89804 19641.15763 20428.10059 22069.01502 24496.98139 26204.28691 26434.54580 27838.60245 30502.53354 32396.66093 34287.66889 36137.36331 38029.82986 41518.04939 41764.15301 42665.77440 46837.11431 47285.98870 48889.76146 50272.64420 50411.45067 53185.68521 56220.69625 59192.52694 70598.04493 82961.18517 100773.1160 124509.5652 188341.3805
