    unsorted:	 8.075740158e-06 683.3790158 718.4848698 600.1366099 887.3308233 963.2215889 1046.659137 108.2753240 121.5258626 55.27474762 34.53624305 179.8762429 1301.893639 1469.194210 1547.255727 1677.165645 1825.482008 2382.166080 2754.068770 2979.559291 3509.870708 3908.813798 4628.859734 5287.947184 5990.925100 6177.210895 6534.982820 7345.772544 7522.330842 8859.069450 10276.73524 11019.55151 14042.33040 22666.34436 21596.52788 23560.73984 25174.20794 27446.48185 29102.79706 32068.41963 32573.10726 35406.20408 37424.28690 38062.69253 43278.68568 42529.90604 43821.96445 47481.69603 48544.36218 49264.70304 51022.55259 51977.71900 52667.94822 57404.16653 59112.56570 67223.11464 76366.54539 91659.49592 119248.1989 189053.9269 3552110.871
      sorted:	 8.075740158e-06 34.53624305 55.27474762 108.2753240 121.5258626 179.8762429 600.1366099 683.3790158 718.4848698 887.3308233 963.2215889 1046.659137 1301.893639 1469.194210 1547.255727 1677.165645 1825.482008 2382.166080 2754.068770 2979.559291 3509.870708 3908.813798 4628.859734 5287.947184 5990.925100 6177.210895 6534.982820 7345.772544 7522.330842 8859.069450 10276.73524 11019.55151 14042.33040 21596.52788 22666.34436 23560.73984 25174.20794 27446.48185 29102.79706 32068.41963 32573.10726 35406.20408 37424.28690 38062.69253 42529.90604 43278.68568 43821.96445 47481.69603 48544.36218 49264.70304 51022.55259 51977.71900 52667.94822 57404.16653 59112.56570 67223.11464 76366.54539 91659.49592 119248.1989 189053.9269 3552110.871
