    unsorted:	 9.193655719e-07 0.0001256000539 703.5785280 710.1866477 683.1417426 660.4166041 621.2900547 785.6844691 542.6577523 484.6906938 352.2260105 108.3730762 121.0715268 158.9187544 228.5805768 49.80249816 29.52622703 1151.512906 1185.119387 1678.210406 2256.017224 2876.554868 3815.731596 4635.836960 5051.349931 6204.710048 6293.539468 6903.351498 7381.231824 7709.628092 9011.341184 12768.65578 13864.57778 18620.92681 19538.31297 21410.41551 24154.73582 23615.80274 26115.27595 27565.77066 29765.30221 32684.94471 33594.75074 35363.54040 37347.61487 40012.69102 40282.78587 43680.94052 45730.04566 47660.76533 47498.53583 48989.30433 49740.95336 55374.85194 55055.64846 59039.66007 75732.45718 86561.63290 107518.6207 135263.4127 187790.1288
      sorted:	 9.193655719e-07 0.0001256000539 29.52622703 49.80249816 108.3730762 121.0715268 158.9187544 228.5805768 352.2260105 484.6906938 542.6577523 621.2900547 660.4166041 683.1417426 703.5785280 710.1866477 785.6844691 1151.512906 1185.119387 1678.210406 2256.017224 2876.554868 3815.731596 4635.836960 5051.349931 6204.710048 6293.539468 6903.351498 7381.231824 7709.628092 9011.341184 12768.65578 13864.57778 18620.92681 19538.31297 21410.41551 23615.80274 24154.73582 26115.27595 27565.77066 29765.30221 32684.94471 33594.75074 35363.54040 37347.61487 40012.69102 40282.78587 43680.94052 45730.04566 47498.53583 47660.76533 48989.30433 49740.95336 55055.64846 55374.85194 59039.66007 75732.45718 86561.63290 107518.6207 135263.4127 187790.1288
