    unsorted:	 0.000000000 653.7713850 673.5926838 631.0287731 689.8744747 593.5773295 561.8185660 490.6842892 408.0588392 434.7814817 766.0423556 328.9931061 3.648602763e-05 206.2377105 112.1138854 122.4474153 82.85505528 53.91513140 30.10552511 917.9357454 1095.052181 2593.125720 3932.494737 4780.344762 4902.815270 6026.061790 6672.884828 6968.552618 7692.251704 8876.682737 9463.283878 12676.54922 14546.84821 16076.31171 18077.17582 20262.93975 19886.69748 21142.48365 25493.56926 27354.41203 27938.88209 31926.92471 32254.29013 33634.59312 37047.55758 36543.29301 43373.20428 43481.83217 44671.96323 45358.83164 46435.25344 49569.45391 54158.63008 56053.06981 59251.02485 62030.57101 90001.02701 99101.80209 126880.5965 154212.7360 186734.6459
      sorted:	 0.000000000 3.648602763e-05 30.10552511 53.91513140 82.85505528 112.1138854 122.4474153 206.2377105 328.9931061 408.0588392 434.7814817 490.6842892 561.8185660 593.5773295 631.0287731 653.7713850 673.5926838 689.8744747 766.0423556 917.9357454 1095.052181 2593.125720 3932.494737 4780.344762 4902.815270 6026.061790 6672.884828 6968.552618 7692.251704 8876.682737 9463.283878 12676.54922 14546.84821 16076.31171 18077.17582 19886.69748 20262.93975 21142.48365 25493.56926 27354.41203 27938.88209 31926.92471 32254.29013 33634.59312 36543.29301 37047.55758 43373.20428 43481.83217 44671.96323 45358.83164 46435.25344 49569.45391 54158.63008 56053.06981 59251.02485 62030.57101 90001.02701 99101.80209 126880.5965 154212.7360 186734.6459
