    unsorted:	 -1.544697032e-27 4.193439094e-05 604.5704577 599.7382524 612.9784394 584.2947850 548.6011834 529.5665035 641.4114777 660.2790407 499.8487928 464.1526437 451.3531424 447.4593236 308.8952692 120.5822893 124.4776507 60.82102276 35.97018074 870.5804138 938.5168234 2398.789536 3687.155382 4619.611026 5673.950824 6470.519522 6634.425642 7226.110084 7643.206970 8889.839946 9648.026317 12265.03062 14036.21099 14434.34561 16382.43640 17047.71541 18803.45978 19451.09573 24700.00757 25784.67602 26929.74527 28998.64862 30267.48941 33219.18158 32931.07383 33930.35115 40713.96281 41484.48036 41761.19937 43601.88441 46788.48917 48874.51026 56017.46288 61326.98204 61972.78678 70036.25954 94530.98892 107488.8607 136613.9510 165695.8563 184334.1865
      sorted:	 -1.544697032e-27 4.193439094e-05 35.97018074 60.82102276 120.5822893 124.4776507 308.8952692 447.4593236 451.3531424 464.1526437 499.8487928 529.5665035 548.6011834 584.2947850 599.7382524 604.5704577 612.9784394 641.4114777 660.2790407 870.5804138 938.5168234 2398.789536 3687.155382 4619.611026 5673.950824 6470.519522 6634.425642 7226.110084 7643.206970 8889.839946 9648.026317 12265.03062 14036.21099 14434.34561 16382.43640 17047.71541 18803.45978 19451.09573 24700.00757 25784.67602 26929.74527 28998.64862 30267.48941 32931.07383 33219.18158 33930.35115 40713.96281 41484.48036 41761.19937 43601.88441 46788.48917 48874.51026 56017.46288 61326.98204 61972.78678 70036.25954 94530.98892 107488.8607 136613.9510 165695.8563 184334.1865
