    unsorted:	 5.458176202e-07 653.3727289 667.2839781 685.5819896 712.5902015 589.4801638 564.9105307 538.8521505 784.3636220 442.1843422 370.8304424 130.2077841 164.3059783 117.9297759 216.9822251 60.09919126 33.04046824 989.7663449 1299.635154 2397.697598 3514.745018 4051.962611 4467.438597 5508.049583 6218.678145 6371.027539 6728.937327 7225.309369 8474.423591 9115.170873 12369.10181 14014.61374 15482.46806 18452.92892 19536.07225 21065.83417 24124.99115 26014.82729 26698.14119 27870.20798 32328.35979 33440.39446 36302.13117 36588.55853 39491.25185 41020.29120 43350.62396 44627.00309 44435.36525 51948.99738 51289.22683 55580.54712 57998.09641 65490.84659 83459.30340 98791.46833 121297.1523 151955.4052 187222.0331 357396.8447
      sorted:	 5.458176202e-07 33.04046824 60.09919126 117.9297759 130.2077841 164.3059783 216.9822251 370.8304424 442.1843422 538.8521505 564.9105307 589.4801638 653.3727289 667.2839781 685.5819896 712.5902015 784.3636220 989.7663449 1299.635154 2397.697598 3514.745018 4051.962611 4467.438597 5508.049583 6218.678145 6371.027539 6728.937327 7225.309369 8474.423591 9115.170873 12369.10181 14014.61374 15482.46806 18452.92892 19536.07225 21065.83417 24124.99115 26014.82729 26698.14119 27870.20798 32328.35979 33440.39446 36302.13117 36588.55853 39491.25185 41020.29120 43350.62396 44435.36525 44627.00309 51289.22683 51948.99738 55580.54712 57998.09641 65490.84659 83459.30340 98791.46833 121297.1523 151955.4052 187222.0331 357396.8447
