    unsorted:	 2.273735929e-13 3.005877906e-05 689.7612646 684.8347443 745.9398160 771.4192006 855.6530676 940.6057467 468.0326280 186.0636826 172.0657118 337.9949629 122.3082522 77.09415136 41.65893465 1032.607888 1339.055143 1328.453060 2208.484482 2953.118064 2911.325843 3598.706791 4888.771259 5159.773575 5869.627398 6269.839598 6384.131425 7345.222904 7470.058881 8993.408357 11950.55297 12186.29875 19902.20909 20499.27392 22104.10999 24142.48904 24969.16959 26343.47130 27882.22394 30585.61063 31856.70325 34041.01682 35974.59505 38143.21233 41810.64135 41870.62617 42275.78917 46508.90480 47186.04105 49015.48849 50136.90729 50696.27978 52407.15611 56169.40697 58110.07878 66990.44039 81469.36774 98029.33622 122712.5135 188413.5520
      sorted:	 2.273735929e-13 3.005877906e-05 41.65893465 77.09415136 122.3082522 172.0657118 186.0636826 337.9949629 468.0326280 684.8347443 689.7612646 745.9398160 771.4192006 855.6530676 940.6057467 1032.607888 1328.453060 1339.055143 2208.484482 2911.325843 2953.118064 3598.706791 4888.771259 5159.773575 5869.627398 6269.839598 6384.131425 7345.222904 7470.058881 8993.408357 11950.55297 12186.29875 19902.20909 20499.27392 22104.10999 24142.48904 24969.16959 26343.47130 27882.22394 30585.61063 31856.70325 34041.01682 35974.59505 38143.21233 41810.64135 41870.62617 42275.78917 46508.90480 47186.04105 49015.48849 50136.90729 50696.27978 52407.15611 56169.40697 58110.07878 66990.44039 81469.36774 98029.33622 122712.5135 188413.5520
