    unsorted:	 6.347803648e-07 -1.032591935e-06 0.1194203316 683.2055060 42.98705105 91.29266786 110.1715312 192.0665321 1952.773653 2047.144280 2125.341496 1669.709456 2627.439681 2511.227424 2817.909173 3019.253984 1055.328601 3404.808625 4012.505626 4089.056012 4486.138516 5517.484655 5214.527522 6405.646509 7503.544445 7480.897521 7674.775807 9342.924944 10045.02182 12049.88479 12480.39155 16010.48764 32600.80006 33515.65910 31396.02752 35405.23564 35548.08706 28646.82792 26053.09547 37003.83547 39169.26492 41417.03188 41224.68333 45609.73881 45411.47788 47341.98827 48958.14573 49585.26722 50402.32324 56338.54293 56184.88511 58779.42009 59983.66082 61932.19315 64602.37122 67311.98003 81094.62380 106046.2047 189359.3315 346608.6100
      sorted:	 -1.032591935e-06 6.347803648e-07 0.1194203316 42.98705105 91.29266786 110.1715312 192.0665321 683.2055060 1055.328601 1669.709456 1952.773653 2047.144280 2125.341496 2511.227424 2627.439681 2817.909173 3019.253984 3404.808625 4012.505626 4089.056012 4486.138516 5214.527522 5517.484655 6405.646509 7480.897521 7503.544445 7674.775807 9342.924944 10045.02182 12049.88479 12480.39155 16010.48764 26053.09547 28646.82792 31396.02752 32600.80006 33515.65910 35405.23564 35548.08706 37003.83547 39169.26492 41224.68333 41417.03188 45411.47788 45609.73881 47341.98827 48958.14573 49585.26722 50402.32324 56184.88511 56338.54293 58779.42009 59983.66082 61932.19315 64602.37122 67311.98003 81094.62380 106046.2047 189359.3315 346608.6100
