    unsorted:	 1.421085448e-13 2.449254036e-05 684.5732411 679.0072560 717.8371868 759.4793974 544.2861847 516.6048915 455.7532586 837.0720680 183.1491032 155.6881940 112.8483328 272.2850630 60.37778343 37.80166852 1219.961572 1209.931505 1808.209052 2444.755607 2795.510423 3536.716421 4638.455288 4959.595530 6061.253789 6232.714337 6667.695138 7199.235214 7432.091522 8770.630312 11907.54587 13069.96044 18502.06788 19885.73813 21467.22430 22350.00318 23603.51677 26123.94949 27713.53661 29868.06170 32201.67159 33883.04403 35500.62833 37264.95440 40237.75952 40880.57919 43855.48250 44957.84217 47356.75087 48028.47050 48849.35372 50892.78013 54292.61235 55109.89406 59655.89988 71451.17335 87424.53350 105945.9633 132789.1202 188032.5971
      sorted:	 1.421085448e-13 2.449254036e-05 37.80166852 60.37778343 112.8483328 155.6881940 183.1491032 272.2850630 455.7532586 516.6048915 544.2861847 679.0072560 684.5732411 717.8371868 759.4793974 837.0720680 1209.931505 1219.961572 1808.209052 2444.755607 2795.510423 3536.716421 4638.455288 4959.595530 6061.253789 6232.714337 6667.695138 7199.235214 7432.091522 8770.630312 11907.54587 13069.96044 18502.06788 19885.73813 21467.22430 22350.00318 23603.51677 26123.94949 27713.53661 29868.06170 32201.67159 33883.04403 35500.62833 37264.95440 40237.75952 40880.57919 43855.48250 44957.84217 47356.75087 48028.47050 48849.35372 50892.78013 54292.61235 55109.89406 59655.89988 71451.17335 87424.53350 105945.9633 132789.1202 188032.5971
