    unsorted:	 3.301525719e-14 3.938904185e-05 0.001088346192 676.9869144 40.35868297 71.40116054 108.3915552 193.6225284 2986.717320 3103.561047 2771.449095 2535.887444 2426.203145 2242.527846 3345.422648 2023.791142 3867.529778 1080.610128 4231.428779 4503.679409 4761.276041 5930.519501 5564.651620 6889.734633 7930.847159 8085.303082 8660.582428 10503.66304 11252.80700 13002.62139 14182.30366 17234.90273 41236.30767 41713.90661 42598.02289 39982.22342 38489.53590 34978.85456 34335.36415 43908.54780 30676.27455 28556.58257 44937.94105 47201.95764 48023.63082 50361.13324 51378.85449 51968.66503 53668.58243 57630.15771 59499.30571 61899.28649 62685.56965 63252.02905 67274.66145 68872.71355 81925.31076 106894.9839 189258.0216 10259314.81
      sorted:	 3.301525719e-14 3.938904185e-05 0.001088346192 40.35868297 71.40116054 108.3915552 193.6225284 676.9869144 1080.610128 2023.791142 2242.527846 2426.203145 2535.887444 2771.449095 2986.717320 3103.561047 3345.422648 3867.529778 4231.428779 4503.679409 4761.276041 5564.651620 5930.519501 6889.734633 7930.847159 8085.303082 8660.582428 10503.66304 11252.80700 13002.62139 14182.30366 17234.90273 28556.58257 30676.27455 34335.36415 34978.85456 38489.53590 39982.22342 41236.30767 41713.90661 42598.02289 43908.54780 44937.94105 47201.95764 48023.63082 50361.13324 51378.85449 51968.66503 53668.58243 57630.15771 59499.30571 61899.28649 62685.56965 63252.02905 67274.66145 68872.71355 81925.31076 106894.9839 189258.0216 10259314.81
