    unsorted:	 8.550067341e-08 -4.999778784e-06 1.117038197 678.9735219 37.15927219 66.35691735 108.9159868 194.0219965 2356.501214 2504.825989 2587.479258 2888.496473 2938.614922 2111.158794 1929.663195 3185.995290 1057.008325 3819.682196 4072.002844 4420.619146 4742.511846 5804.230835 5561.968203 6756.856957 7851.814874 8257.172487 9118.326769 11172.44269 11979.64100 13329.62411 15181.52255 17621.60562 33239.42261 31217.09822 36919.51569 38034.08552 41710.99177 43184.39037 44469.36239 46024.08391 46528.16545 47517.58494 48233.17460 48941.96807 49905.96800 53501.26135 53946.51314 54404.80964 55336.67862 59066.13260 61121.84832 63486.66808 64136.02209 64797.01183 68763.10290 70546.87411 85028.95852 109250.1850 189263.1277 606911.3894
      sorted:	 -4.999778784e-06 8.550067341e-08 1.117038197 37.15927219 66.35691735 108.9159868 194.0219965 678.9735219 1057.008325 1929.663195 2111.158794 2356.501214 2504.825989 2587.479258 2888.496473 2938.614922 3185.995290 3819.682196 4072.002844 4420.619146 4742.511846 5561.968203 5804.230835 6756.856957 7851.814874 8257.172487 9118.326769 11172.44269 11979.64100 13329.62411 15181.52255 17621.60562 31217.09822 33239.42261 36919.51569 38034.08552 41710.99177 43184.39037 44469.36239 46024.08391 46528.16545 47517.58494 48233.17460 48941.96807 49905.96800 53501.26135 53946.51314 54404.80964 55336.67862 59066.13260 61121.84832 63486.66808 64136.02209 64797.01183 68763.10290 70546.87411 85028.95852 109250.1850 189263.1277 606911.3894
