    unsorted:	 1.913169950e-07 7.331230511e-06 0.5570454771 684.7848864 38.14397254 83.23339340 115.5126889 194.1346049 943.2964384 877.7190311 1427.291366 1288.816715 1521.598775 1823.724948 1919.936382 2050.697946 2087.071807 2578.343143 2892.597582 3538.305204 4234.464627 4648.137826 5507.892981 5639.007927 7047.413295 7574.316381 10059.24143 12912.37182 13285.18384 14141.55614 17512.89662 18422.09085 60288.42834 60223.93794 59789.26688 61810.95394 61182.65947 58506.65164 56296.19454 55713.55139 55022.58509 52198.30672 51643.15653 51207.27584 47382.92458 44809.11588 64932.38007 65927.64040 66417.88237 66778.93942 68240.43859 43118.41009 69128.54182 71526.75056 73141.84428 79666.88641 101311.6030 123918.9806 189090.3114 743996.0578
      sorted:	 1.913169950e-07 7.331230511e-06 0.5570454771 38.14397254 83.23339340 115.5126889 194.1346049 684.7848864 877.7190311 943.2964384 1288.816715 1427.291366 1521.598775 1823.724948 1919.936382 2050.697946 2087.071807 2578.343143 2892.597582 3538.305204 4234.464627 4648.137826 5507.892981 5639.007927 7047.413295 7574.316381 10059.24143 12912.37182 13285.18384 14141.55614 17512.89662 18422.09085 43118.41009 44809.11588 47382.92458 51207.27584 51643.15653 52198.30672 55022.58509 55713.55139 56296.19454 58506.65164 59789.26688 60223.93794 60288.42834 61182.65947 61810.95394 64932.38007 65927.64040 66417.88237 66778.93942 68240.43859 69128.54182 71526.75056 73141.84428 79666.88641 101311.6030 123918.9806 189090.3114 743996.0578
