    unsorted:	 1.684786056e-07 3.434027089e-06 0.6254254256 683.4628000 36.48685021 70.82449621 110.2131757 194.1617523 2043.240790 2192.700607 2322.560530 2542.313057 2607.365288 1815.265374 2797.846195 1615.971365 1006.712016 3436.167097 3731.713054 4183.661498 4557.260141 5408.431138 5479.391523 6328.103354 7572.060198 8171.362060 9423.170150 11835.18151 12617.55386 13557.52054 16201.46825 17842.18388 51667.47645 50988.18199 52300.06855 53278.40074 53026.52393 49898.58953 47042.76435 47356.19682 45501.37478 55639.77958 57023.93315 42626.94050 40413.57725 37110.45481 58226.52297 58804.23562 35193.46975 61103.10429 62775.77515 65104.25764 65978.06665 66744.44423 70293.68551 73160.84136 90252.59670 113610.0014 189278.2831 586587.9208
      sorted:	 1.684786056e-07 3.434027089e-06 0.6254254256 36.48685021 70.82449621 110.2131757 194.1617523 683.4628000 1006.712016 1615.971365 1815.265374 2043.240790 2192.700607 2322.560530 2542.313057 2607.365288 2797.846195 3436.167097 3731.713054 4183.661498 4557.260141 5408.431138 5479.391523 6328.103354 7572.060198 8171.362060 9423.170150 11835.18151 12617.55386 13557.52054 16201.46825 17842.18388 35193.46975 37110.45481 40413.57725 42626.94050 45501.37478 47042.76435 47356.19682 49898.58953 50988.18199 51667.47645 52300.06855 53026.52393 53278.40074 55639.77958 57023.93315 58226.52297 58804.23562 61103.10429 62775.77515 65104.25764 65978.06665 66744.44423 70293.68551 73160.84136 90252.59670 113610.0014 189278.2831 586587.9208
