    unsorted:	 2.368229311e-13 3.537347594e-05 2393.673554 2252.064941 2593.671679 2711.880880 1841.366329 1822.120106 1669.185870 1482.647724 3089.340841 1042.428501 714.6984985 191.3975348 129.4896411 110.9779049 62.13686534 38.51686533 3579.295375 3822.274133 4099.378626 4837.716956 5240.250393 6241.227631 7150.029190 6964.509627 7429.906149 8853.395529 9185.458353 11410.38495 11761.67145 15124.48133 22082.03955 24727.74327 27051.89469 28446.44658 30661.21733 32338.71368 33243.29026 34490.01739 35130.98933 37036.64700 39496.23081 43502.63559 42491.40570 44379.57600 46967.37902 47530.72276 48609.54022 48529.16056 54495.87886 54617.07300 56958.74473 58182.83499 61007.17200 62977.61361 66724.22381 81607.87488 108549.2481 189354.1139
      sorted:	 2.368229311e-13 3.537347594e-05 38.51686533 62.13686534 110.9779049 129.4896411 191.3975348 714.6984985 1042.428501 1482.647724 1669.185870 1822.120106 1841.366329 2252.064941 2393.673554 2593.671679 2711.880880 3089.340841 3579.295375 3822.274133 4099.378626 4837.716956 5240.250393 6241.227631 6964.509627 7150.029190 7429.906149 8853.395529 9185.458353 11410.38495 11761.67145 15124.48133 22082.03955 24727.74327 27051.89469 28446.44658 30661.21733 32338.71368 33243.29026 34490.01739 35130.98933 37036.64700 39496.23081 42491.40570 43502.63559 44379.57600 46967.37902 47530.72276 48529.16056 48609.54022 54495.87886 54617.07300 56958.74473 58182.83499 61007.17200 62977.61361 66724.22381 81607.87488 108549.2481 189354.1139
