    unsorted:	 5.198857946e-07 4.844548842e-06 0.2445274411 675.5982704 38.16358852 85.37749524 120.2832221 193.7518047 441.2034215 563.1014173 719.0255961 911.2342902 838.9081121 995.2575830 1264.620621 1255.457574 1407.311608 1481.551478 1829.897726 2355.202135 3743.995399 4183.211843 5066.028677 5826.096505 6526.615291 7008.062774 12193.86196 13634.46393 14575.87025 16161.22934 18121.00815 20923.96619 62981.25929 66042.84415 65780.93703 65196.49908 67612.82338 67858.86315 68556.93131 62429.84081 72145.04282 72515.85557 73092.86695 73792.97459 74198.41131 74808.31394 75445.18873 76064.33267 60295.10427 58493.81847 78372.35016 79387.73388 54926.47703 80763.06846 83477.31978 95852.15263 123398.7238 146893.3400 188328.8040 707138.7910
      sorted:	 5.198857946e-07 4.844548842e-06 0.2445274411 38.16358852 85.37749524 120.2832221 193.7518047 441.2034215 563.1014173 675.5982704 719.0255961 838.9081121 911.2342902 995.2575830 1255.457574 1264.620621 1407.311608 1481.551478 1829.897726 2355.202135 3743.995399 4183.211843 5066.028677 5826.096505 6526.615291 7008.062774 12193.86196 13634.46393 14575.87025 16161.22934 18121.00815 20923.96619 54926.47703 58493.81847 60295.10427 62429.84081 62981.25929 65196.49908 65780.93703 66042.84415 67612.82338 67858.86315 68556.93131 72145.04282 72515.85557 73092.86695 73792.97459 74198.41131 74808.31394 75445.18873 76064.33267 78372.35016 79387.73388 80763.06846 83477.31978 95852.15263 123398.7238 146893.3400 188328.8040 707138.7910
