    unsorted:	 3.183719472e-07 4.929177046e-06 0.4103995541 677.2268028 37.74118467 84.00767550 119.0463808 193.8217807 442.1295461 601.8326141 787.0201442 887.0440493 981.7371748 1100.901862 1362.145331 1357.657914 1483.583266 1620.568942 1936.042719 2489.893249 3810.951989 4209.109220 5107.232293 5834.163035 6559.083413 7002.897219 13600.29137 11894.08200 14376.34145 15869.59854 18048.36215 20506.85826 66238.25920 66970.78464 65830.16772 64294.73660 63968.11953 62985.89703 61084.45126 60535.91781 70127.61096 70642.58776 71699.59275 71969.42447 72262.37662 73107.28947 73969.05445 74675.39736 58135.08415 56245.03131 76576.44279 53276.98411 78184.22306 78625.32231 81190.60852 93116.12934 120001.3693 143483.7307 188470.7585 793950.7623
      sorted:	 3.183719472e-07 4.929177046e-06 0.4103995541 37.74118467 84.00767550 119.0463808 193.8217807 442.1295461 601.8326141 677.2268028 787.0201442 887.0440493 981.7371748 1100.901862 1357.657914 1362.145331 1483.583266 1620.568942 1936.042719 2489.893249 3810.951989 4209.109220 5107.232293 5834.163035 6559.083413 7002.897219 11894.08200 13600.29137 14376.34145 15869.59854 18048.36215 20506.85826 53276.98411 56245.03131 58135.08415 60535.91781 61084.45126 62985.89703 63968.11953 64294.73660 65830.16772 66238.25920 66970.78464 70127.61096 70642.58776 71699.59275 71969.42447 72262.37662 73107.28947 73969.05445 74675.39736 76576.44279 78184.22306 78625.32231 81190.60852 93116.12934 120001.3693 143483.7307 188470.7585 793950.7623
