    unsorted:	 562.7612639 583.0509012 606.4782318 637.5126779 664.1460680 676.0995896 501.4515283 517.4076148 449.4418632 732.1669518 378.6382314 3.112452126e-06 275.6970108 162.4055408 153.2035983 117.2819510 60.98596008 33.12212374 945.0564233 2186.683094 3090.546263 4051.777227 4191.775886 5140.907159 5492.936838 6260.007203 6539.507797 6928.726443 8239.086084 9157.953593 11574.69409 13720.82239 13981.69209 17107.12772 17739.53337 18775.57837 20339.54324 25214.70919 25883.33274 27396.76078 32142.34387 31659.99548 33068.03969 34319.16426 35617.11288 37943.74374 40606.19263 44044.11686 48274.92655 50519.36338 52604.48482 60679.90597 66939.53874 73502.63953 94803.82738 110415.3191 130187.3232 164906.6145 186308.5676 396789.5355
      sorted:	 3.112452126e-06 33.12212374 60.98596008 117.2819510 153.2035983 162.4055408 275.6970108 378.6382314 449.4418632 501.4515283 517.4076148 562.7612639 583.0509012 606.4782318 637.5126779 664.1460680 676.0995896 732.1669518 945.0564233 2186.683094 3090.546263 4051.777227 4191.775886 5140.907159 5492.936838 6260.007203 6539.507797 6928.726443 8239.086084 9157.953593 11574.69409 13720.82239 13981.69209 17107.12772 17739.53337 18775.57837 20339.54324 25214.70919 25883.33274 27396.76078 31659.99548 32142.34387 33068.03969 34319.16426 35617.11288 37943.74374 40606.19263 44044.11686 48274.92655 50519.36338 52604.48482 60679.90597 66939.53874 73502.63953 94803.82738 110415.3191 130187.3232 164906.6145 186308.5676 396789.5355
