    unsorted:	 2.614767171e-08 4.476171324e-06 3.065383586 679.5010172 42.28729056 82.06374008 108.5059527 192.9597577 2252.706151 2191.539767 2391.550791 2715.350273 2868.464468 3029.668420 1906.290289 3253.329339 3687.223492 1078.981575 4204.460467 4349.474295 4654.930050 5422.398631 5795.116215 6713.425233 7823.008378 7770.598594 8139.230521 9890.346209 10599.49938 12561.19243 13293.91895 16675.77453 27025.02143 29348.21399 32613.00105 33530.64866 36502.97115 36582.21226 37794.46226 38665.59408 41066.08602 41948.73046 42821.19717 46225.90951 46536.89048 48379.58845 49805.69616 50658.24045 52029.52479 56755.46085 57905.96433 60345.37708 61449.13875 62232.12954 65928.64316 67861.89846 80923.90202 106201.8289 189311.5386 4930736.104
      sorted:	 2.614767171e-08 4.476171324e-06 3.065383586 42.28729056 82.06374008 108.5059527 192.9597577 679.5010172 1078.981575 1906.290289 2191.539767 2252.706151 2391.550791 2715.350273 2868.464468 3029.668420 3253.329339 3687.223492 4204.460467 4349.474295 4654.930050 5422.398631 5795.116215 6713.425233 7770.598594 7823.008378 8139.230521 9890.346209 10599.49938 12561.19243 13293.91895 16675.77453 27025.02143 29348.21399 32613.00105 33530.64866 36502.97115 36582.21226 37794.46226 38665.59408 41066.08602 41948.73046 42821.19717 46225.90951 46536.89048 48379.58845 49805.69616 50658.24045 52029.52479 56755.46085 57905.96433 60345.37708 61449.13875 62232.12954 65928.64316 67861.89846 80923.90202 106201.8289 189311.5386 4930736.104
