    unsorted:	 -3.121444621e-08 580.9613203 569.8160940 554.1970790 611.4247785 644.3705917 659.8620599 682.1346845 483.8761552 438.4234930 389.3546137 258.2867528 159.1757999 118.0155706 41.43564069 61.24321719 31.43871136 830.9138818 1011.832755 2281.355319 3411.004989 4219.686419 4304.926729 5314.835369 5893.826610 6285.179670 6664.318158 6836.759238 8371.395215 9280.469043 12017.91861 13956.77254 14630.62313 17731.61218 18882.55029 20073.64985 21663.27744 26353.87485 25521.40187 27344.22319 34233.56836 32047.62414 33250.62530 35273.10826 38308.66734 40656.84425 41548.03276 44200.85876 44943.11794 50309.95362 52313.33051 58962.16366 61382.06818 69385.89289 88931.81779 104421.5871 126641.9827 159656.6263 186762.3591 713500.7450
      sorted:	 -3.121444621e-08 31.43871136 41.43564069 61.24321719 118.0155706 159.1757999 258.2867528 389.3546137 438.4234930 483.8761552 554.1970790 569.8160940 580.9613203 611.4247785 644.3705917 659.8620599 682.1346845 830.9138818 1011.832755 2281.355319 3411.004989 4219.686419 4304.926729 5314.835369 5893.826610 6285.179670 6664.318158 6836.759238 8371.395215 9280.469043 12017.91861 13956.77254 14630.62313 17731.61218 18882.55029 20073.64985 21663.27744 25521.40187 26353.87485 27344.22319 32047.62414 33250.62530 34233.56836 35273.10826 38308.66734 40656.84425 41548.03276 44200.85876 44943.11794 50309.95362 52313.33051 58962.16366 61382.06818 69385.89289 88931.81779 104421.5871 126641.9827 159656.6263 186762.3591 713500.7450
