    unsorted:	 5.080066924e-07 3.932827546e-06 0.2271589811 683.1011893 38.17323991 84.64660250 117.5908216 194.0725153 682.3663621 813.5601173 1216.610368 1105.524230 1324.394892 1587.186339 1827.238824 1748.410360 1875.498750 2261.252341 2551.687850 3196.403940 4131.493501 4426.493534 5386.774759 5657.499921 6873.190422 7317.985474 10490.09208 13420.32206 13369.98360 14553.04291 17745.88094 18946.15418 54567.93238 54670.88256 54141.60394 57800.61028 58309.78509 58512.85375 61839.88072 61621.93544 62070.65789 63308.80312 64934.47540 64459.47786 50410.06596 67029.08200 67471.37014 48070.65624 69284.86596 69795.56853 70117.28820 70594.58366 46283.92842 73829.50849 74547.83396 83077.47348 106410.6685 129064.0335 188943.2293 752458.1176
      sorted:	 5.080066924e-07 3.932827546e-06 0.2271589811 38.17323991 84.64660250 117.5908216 194.0725153 682.3663621 683.1011893 813.5601173 1105.524230 1216.610368 1324.394892 1587.186339 1748.410360 1827.238824 1875.498750 2261.252341 2551.687850 3196.403940 4131.493501 4426.493534 5386.774759 5657.499921 6873.190422 7317.985474 10490.09208 13369.98360 13420.32206 14553.04291 17745.88094 18946.15418 46283.92842 48070.65624 50410.06596 54141.60394 54567.93238 54670.88256 57800.61028 58309.78509 58512.85375 61621.93544 61839.88072 62070.65789 63308.80312 64459.47786 64934.47540 67029.08200 67471.37014 69284.86596 69795.56853 70117.28820 70594.58366 73829.50849 74547.83396 83077.47348 106410.6685 129064.0335 188943.2293 752458.1176
