    unsorted:	 1.374509187e-07 6.443692530e-07 0.7407232895 685.3558416 37.49678088 78.36798126 112.6112406 194.1707451 1704.113618 1523.680429 1805.804720 1256.077814 2083.677325 2167.753637 2297.979783 2400.216186 943.8417728 2970.956680 3295.866730 3895.460196 4354.772427 4981.065798 5470.059425 5910.558890 7277.532997 7884.877372 9708.727895 12411.97286 13044.10359 13804.55799 17019.02968 18053.42677 58053.72765 57759.60777 57399.79412 58681.77749 56492.49953 54964.71571 53807.15971 53201.02597 49702.22393 51453.73934 48820.04683 47221.88798 44048.78822 41164.75222 62210.30055 63058.31896 63465.24381 64406.71017 39431.74173 66691.35777 67615.62253 69133.63571 71744.70461 76363.50815 95949.30110 118763.9087 189213.3793 927044.9509
      sorted:	 1.374509187e-07 6.443692530e-07 0.7407232895 37.49678088 78.36798126 112.6112406 194.1707451 685.3558416 943.8417728 1256.077814 1523.680429 1704.113618 1805.804720 2083.677325 2167.753637 2297.979783 2400.216186 2970.956680 3295.866730 3895.460196 4354.772427 4981.065798 5470.059425 5910.558890 7277.532997 7884.877372 9708.727895 12411.97286 13044.10359 13804.55799 17019.02968 18053.42677 39431.74173 41164.75222 44048.78822 47221.88798 48820.04683 49702.22393 51453.73934 53201.02597 53807.15971 54964.71571 56492.49953 57399.79412 57759.60777 58053.72765 58681.77749 62210.30055 63058.31896 63465.24381 64406.71017 66691.35777 67615.62253 69133.63571 71744.70461 76363.50815 95949.30110 118763.9087 189213.3793 927044.9509
