    unsorted:	 1.350773377e-06 -5.821324414e-06 0.1392146583 681.0679460 37.64827462 83.48069075 117.9999904 193.9888174 508.5481226 740.7353267 968.9892568 1062.012096 1180.031408 1392.509217 1635.254583 1605.085941 1715.499113 2001.783941 2278.473311 2902.670479 4012.322146 4305.492708 5257.005526 5747.697435 6733.480894 7136.243175 10995.62322 13502.92891 13786.57185 15019.07073 17873.36527 19500.37709 59952.45132 63346.83660 63528.60683 60476.85518 61058.15728 56857.19467 56419.45775 57738.22655 65109.11418 66006.28671 67667.68377 67342.32713 68906.79344 69072.12668 53197.79475 71086.21553 71882.71479 72251.04618 73227.36591 51040.05322 48716.49334 75633.67829 76437.03996 86360.90162 111253.2949 134047.3264 188786.4311 463469.0660
      sorted:	 -5.821324414e-06 1.350773377e-06 0.1392146583 37.64827462 83.48069075 117.9999904 193.9888174 508.5481226 681.0679460 740.7353267 968.9892568 1062.012096 1180.031408 1392.509217 1605.085941 1635.254583 1715.499113 2001.783941 2278.473311 2902.670479 4012.322146 4305.492708 5257.005526 5747.697435 6733.480894 7136.243175 10995.62322 13502.92891 13786.57185 15019.07073 17873.36527 19500.37709 48716.49334 51040.05322 53197.79475 56419.45775 56857.19467 57738.22655 59952.45132 60476.85518 61058.15728 63346.83660 63528.60683 65109.11418 66006.28671 67342.32713 67667.68377 68906.79344 69072.12668 71086.21553 71882.71479 72251.04618 73227.36591 75633.67829 76437.03996 86360.90162 111253.2949 134047.3264 188786.4311 463469.0660
