    unsorted:	 3.579385806e-07 5.080700658e-06 0.3282806011 679.0584914 37.36997980 82.78538060 118.0633604 193.9004860 664.9509169 445.0609951 868.4847369 954.9692072 1069.328835 1231.931842 1482.337574 1475.616663 1583.538867 1790.671198 2077.775534 2668.031804 3902.094305 4245.264309 5167.669630 5815.970067 6627.263323 7039.734647 11497.04144 13559.60319 14124.78005 15488.85713 17970.75924 20033.57116 62447.90593 62054.54924 64813.89965 65297.29172 63627.94754 60513.05382 59047.07739 58539.74076 67829.44365 68469.32557 70101.23159 69823.31019 70366.68246 71120.50063 72538.33172 55777.85028 73314.95966 53772.26338 74540.21757 51450.15019 76106.37499 76963.33215 78812.34400 90118.44781 116064.1364 139391.3547 188625.7184 1209940.078
      sorted:	 3.579385806e-07 5.080700658e-06 0.3282806011 37.36997980 82.78538060 118.0633604 193.9004860 445.0609951 664.9509169 679.0584914 868.4847369 954.9692072 1069.328835 1231.931842 1475.616663 1482.337574 1583.538867 1790.671198 2077.775534 2668.031804 3902.094305 4245.264309 5167.669630 5815.970067 6627.263323 7039.734647 11497.04144 13559.60319 14124.78005 15488.85713 17970.75924 20033.57116 51450.15019 53772.26338 55777.85028 58539.74076 59047.07739 60513.05382 62054.54924 62447.90593 63627.94754 64813.89965 65297.29172 67829.44365 68469.32557 69823.31019 70101.23159 70366.68246 71120.50063 72538.33172 73314.95966 74540.21757 76106.37499 76963.33215 78812.34400 90118.44781 116064.1364 139391.3547 188625.7184 1209940.078
