    unsorted:	 4.618829539e-09 3.417992261e-05 692.6012612 648.2476091 798.4524587 881.6271112 1031.627065 1159.177930 409.4252937 187.2984572 149.5049945 117.4817139 74.20728089 41.39801039 1259.031440 1481.197468 1520.299760 1872.314319 2543.954439 2951.336452 3290.349271 3695.173001 4563.702837 5539.151649 5369.465619 6433.691627 6307.442870 7568.411335 7694.195660 9282.872570 10867.80596 12731.97541 21071.85466 21619.16920 22811.07745 24723.57246 26787.02895 27162.47938 28410.86633 30828.83535 31927.27203 34208.56299 36638.03112 39567.54341 40927.50106 42871.02834 43474.95450 46837.32768 46586.65091 49414.75491 50813.96499 51286.29972 52568.16722 55318.74456 58097.86558 63494.52326 71495.60132 90061.11448 116525.9099 188748.7537
      sorted:	 4.618829539e-09 3.417992261e-05 41.39801039 74.20728089 117.4817139 149.5049945 187.2984572 409.4252937 648.2476091 692.6012612 798.4524587 881.6271112 1031.627065 1159.177930 1259.031440 1481.197468 1520.299760 1872.314319 2543.954439 2951.336452 3290.349271 3695.173001 4563.702837 5369.465619 5539.151649 6307.442870 6433.691627 7568.411335 7694.195660 9282.872570 10867.80596 12731.97541 21071.85466 21619.16920 22811.07745 24723.57246 26787.02895 27162.47938 28410.86633 30828.83535 31927.27203 34208.56299 36638.03112 39567.54341 40927.50106 42871.02834 43474.95450 46586.65091 46837.32768 49414.75491 50813.96499 51286.29972 52568.16722 55318.74456 58097.86558 63494.52326 71495.60132 90061.11448 116525.9099 188748.7537
