    unsorted:	 557.1113318 523.8233870 484.4246158 451.9632785 440.1737106 411.6471723 608.8818188 649.6665084 670.6730276 683.6189095 367.2265195 755.9598892 0.0001231368451 147.9542485 115.5222667 74.37484792 53.66532692 29.36394280 856.2635743 2106.255403 2786.762596 3504.994958 3966.196421 4386.781476 5123.639234 5417.024715 6311.280273 6927.831417 7921.407305 8262.242720 10655.16295 13414.50563 13105.19127 17017.62856 18487.10027 19313.91248 20245.56868 23563.05628 24842.45416 28762.51783 30676.11462 32311.88034 33027.44424 35439.37296 34516.75215 36541.06215 38351.74959 40580.25821 47279.78202 48781.70648 53258.86607 63444.74873 70089.19244 75936.95077 96839.98004 104869.6695 128564.1382 176912.3164 185608.9719 7592098.225
      sorted:	 0.0001231368451 29.36394280 53.66532692 74.37484792 115.5222667 147.9542485 367.2265195 411.6471723 440.1737106 451.9632785 484.4246158 523.8233870 557.1113318 608.8818188 649.6665084 670.6730276 683.6189095 755.9598892 856.2635743 2106.255403 2786.762596 3504.994958 3966.196421 4386.781476 5123.639234 5417.024715 6311.280273 6927.831417 7921.407305 8262.242720 10655.16295 13105.19127 13414.50563 17017.62856 18487.10027 19313.91248 20245.56868 23563.05628 24842.45416 28762.51783 30676.11462 32311.88034 33027.44424 34516.75215 35439.37296 36541.06215 38351.74959 40580.25821 47279.78202 48781.70648 53258.86607 63444.74873 70089.19244 75936.95077 96839.98004 104869.6695 128564.1382 176912.3164 185608.9719 7592098.225
