    unsorted:	 -5.684341886e-14 2.261632458e-05 663.1342582 686.3567129 701.8711690 715.8255708 577.5255342 552.1231991 492.4843070 179.3479889 186.5417065 214.3776407 311.7395947 116.8586371 59.36460659 33.80618166 1058.349554 1120.291267 1243.959647 1737.185228 2571.315391 3449.374277 4342.441029 4682.080759 5783.775401 6291.502157 6714.539658 6954.389254 7946.417104 8563.435317 11714.26868 13764.99960 16691.31481 19227.55220 20104.22453 20663.49846 22090.89241 25816.91136 27308.58299 28548.83374 33357.58815 32385.26446 34214.71433 38695.56013 37344.54773 39725.08557 43107.34365 44757.73536 45555.11178 46849.57744 50233.17838 52395.28916 53378.35726 56560.05042 62012.03347 78085.09494 92998.34922 112907.5570 145168.8750 187647.9040
      sorted:	 -5.684341886e-14 2.261632458e-05 33.80618166 59.36460659 116.8586371 179.3479889 186.5417065 214.3776407 311.7395947 492.4843070 552.1231991 577.5255342 663.1342582 686.3567129 701.8711690 715.8255708 1058.349554 1120.291267 1243.959647 1737.185228 2571.315391 3449.374277 4342.441029 4682.080759 5783.775401 6291.502157 6714.539658 6954.389254 7946.417104 8563.435317 11714.26868 13764.99960 16691.31481 19227.55220 20104.22453 20663.49846 22090.89241 25816.91136 27308.58299 28548.83374 32385.26446 33357.58815 34214.71433 37344.54773 38695.56013 39725.08557 43107.34365 44757.73536 45555.11178 46849.57744 50233.17838 52395.28916 53378.35726 56560.05042 62012.03347 78085.09494 92998.34922 112907.5570 145168.8750 187647.9040
