    unsorted:	 1455.218148 1468.271512 1438.329898 1493.559755 1385.083923 1373.358164 1351.724147 1317.083094 1282.391397 1247.786212 1244.541378 1552.574677 1169.968712 1120.936509 1672.780956 1017.321706 1860.973329 1887.176981 930.1161313 2009.842384 803.2081118 786.7031314 684.7333389 2149.709390 2235.515844 2333.305590 2541.659860 2763.056164 2841.883890 3001.659570 3155.771169 3109.318410 3273.248006 3342.835194 247.4753314 3556.664556 3703.970603 3677.601203 103.6815290 63.95324074 9244.070907 33307.81545 33712.39586 34610.22272 35273.19792 36056.60519 31430.02850 30466.11805 28681.08720 27899.17111 39110.95074 39306.03451 40406.81983 41333.28156 41699.85487 25102.34841 44124.89034 45412.41913 46279.82793 48302.05912 49243.50716 56219.77549 61346.77511 71000.23203 85649.65534 100979.2899 114939.7711 189491.8250 2.479800101e-06 2.479800101e-06
      sorted:	 2.479800101e-06 2.479800101e-06 63.95324074 103.6815290 247.4753314 684.7333389 786.7031314 803.2081118 930.1161313 1017.321706 1120.936509 1169.968712 1244.541378 1247.786212 1282.391397 1317.083094 1351.724147 1373.358164 1385.083923 1438.329898 1455.218148 1468.271512 1493.559755 1552.574677 1672.780956 1860.973329 1887.176981 2009.842384 2149.709390 2235.515844 2333.305590 2541.659860 2763.056164 2841.883890 3001.659570 3109.318410 3155.771169 3273.248006 3342.835194 3556.664556 3677.601203 3703.970603 9244.070907 25102.34841 27899.17111 28681.08720 30466.11805 31430.02850 33307.81545 33712.39586 34610.22272 35273.19792 36056.60519 39110.95074 39306.03451 40406.81983 41333.28156 41699.85487 44124.89034 45412.41913 46279.82793 48302.05912 49243.50716 56219.77549 61346.77511 71000.23203 85649.65534 100979.2899 114939.7711 189491.8250
