    unsorted:	 1486.308679 1498.105576 1465.958410 1412.566060 1403.742117 1385.041008 1342.448448 1319.683878 1523.538380 1268.575121 1261.223870 1580.571974 1175.725502 1129.263181 1697.430808 1019.731552 1901.040052 1909.314706 923.3021907 2056.452305 2160.805954 805.6473654 814.3202210 684.3250090 2249.312127 2374.311761 2501.560789 2788.669967 2871.993282 2959.483209 3093.404293 3197.181495 3211.220107 3339.758196 3537.073145 244.7999965 3648.413105 3676.029508 95.81063980 0.04568447475 10068.42652 32884.82045 32339.61538 33607.99982 34384.80765 35136.78724 30338.60190 29415.96902 27938.72596 27013.35171 38403.64974 38117.27160 39222.92450 40539.71700 40899.03008 24422.57003 43695.00474 45052.66760 45754.17536 47480.10487 48845.92903 55915.92168 61511.36784 70125.49139 85649.51167 101480.5055 115784.2989 189480.8267 2.479800101e-06 2.479800101e-06
      sorted:	 2.479800101e-06 2.479800101e-06 0.04568447475 95.81063980 244.7999965 684.3250090 805.6473654 814.3202210 923.3021907 1019.731552 1129.263181 1175.725502 1261.223870 1268.575121 1319.683878 1342.448448 1385.041008 1403.742117 1412.566060 1465.958410 1486.308679 1498.105576 1523.538380 1580.571974 1697.430808 1901.040052 1909.314706 2056.452305 2160.805954 2249.312127 2374.311761 2501.560789 2788.669967 2871.993282 2959.483209 3093.404293 3197.181495 3211.220107 3339.758196 3537.073145 3648.413105 3676.029508 10068.42652 24422.57003 27013.35171 27938.72596 29415.96902 30338.60190 32339.61538 32884.82045 33607.99982 34384.80765 35136.78724 38117.27160 38403.64974 39222.92450 40539.71700 40899.03008 43695.00474 45052.66760 45754.17536 47480.10487 48845.92903 55915.92168 61511.36784 70125.49139 85649.51167 101480.5055 115784.2989 189480.8267
