    unsorted:	 1166.649716 1162.583936 1230.876705 1235.542552 1189.219557 1275.355975 1281.614696 1298.966341 1345.315625 1354.234528 1383.585638 1421.822458 1033.160593 1016.765164 979.8262312 1545.758203 1604.236767 1729.368448 1786.517841 813.7760115 771.8493810 684.6843136 1951.860960 2088.832224 2135.360909 2338.565987 2401.063271 2692.067625 2834.544017 2947.922786 3139.752115 3198.496268 3297.034479 248.9988802 3441.923474 87.85215051 53.16819797 3624.431919 3696.641288 3877.592912 6769.642540 39280.26367 39046.47426 38007.68274 36738.40540 36685.32439 35237.14307 34326.14388 31172.49302 31569.12177 42390.75119 42647.99410 44376.67425 44040.40183 44656.85228 46140.93059 46983.27150 28011.63754 48785.67263 50474.73475 52292.49585 56900.68160 61459.38251 72272.74421 85999.24701 99946.23151 113476.8627 189513.3735 2.479800101e-06 2.479800101e-06
      sorted:	 2.479800101e-06 2.479800101e-06 53.16819797 87.85215051 248.9988802 684.6843136 771.8493810 813.7760115 979.8262312 1016.765164 1033.160593 1162.583936 1166.649716 1189.219557 1230.876705 1235.542552 1275.355975 1281.614696 1298.966341 1345.315625 1354.234528 1383.585638 1421.822458 1545.758203 1604.236767 1729.368448 1786.517841 1951.860960 2088.832224 2135.360909 2338.565987 2401.063271 2692.067625 2834.544017 2947.922786 3139.752115 3198.496268 3297.034479 3441.923474 3624.431919 3696.641288 3877.592912 6769.642540 28011.63754 31172.49302 31569.12177 34326.14388 35237.14307 36685.32439 36738.40540 38007.68274 39046.47426 39280.26367 42390.75119 42647.99410 44040.40183 44376.67425 44656.85228 46140.93059 46983.27150 48785.67263 50474.73475 52292.49585 56900.68160 61459.38251 72272.74421 85999.24701 99946.23151 113476.8627 189513.3735
