    unsorted:	 684.3670437 684.3670437 1275.239135 1279.821237 1316.603622 1345.190102 1414.739278 1397.261075 1445.120213 1207.653652 1220.628718 1527.270811 1537.797051 1679.803586 1659.674371 1104.861081 1836.448813 1909.290245 2029.907465 2080.509361 2213.956604 2286.267249 2372.652027 863.4691097 2485.721612 2659.087917 2755.061085 2819.065560 3052.247120 3025.328799 3198.379170 3287.304641 1.811825807e-07 -0.0001327945520 3424.812431 3462.804043 3519.167989 3627.236128 248.3472357 99.46720272 4329.257089 35469.79338 35941.28869 36675.89424 37997.45069 34636.69627 38627.49783 33360.60037 30399.93100 29980.58329 42611.98597 42764.14815 41551.66417 43669.90729 44405.80061 45457.51050 47517.33866 25981.57677 50146.00687 50675.32063 51871.60201 56944.27208 61639.36290 72809.71650 85361.24297 101666.5275 114972.3103 189552.4090 2.479800101e-06 2.479800101e-06
      sorted:	 -0.0001327945520 1.811825807e-07 2.479800101e-06 2.479800101e-06 99.46720272 248.3472357 684.3670437 684.3670437 863.4691097 1104.861081 1207.653652 1220.628718 1275.239135 1279.821237 1316.603622 1345.190102 1397.261075 1414.739278 1445.120213 1527.270811 1537.797051 1659.674371 1679.803586 1836.448813 1909.290245 2029.907465 2080.509361 2213.956604 2286.267249 2372.652027 2485.721612 2659.087917 2755.061085 2819.065560 3025.328799 3052.247120 3198.379170 3287.304641 3424.812431 3462.804043 3519.167989 3627.236128 4329.257089 25981.57677 29980.58329 30399.93100 33360.60037 34636.69627 35469.79338 35941.28869 36675.89424 37997.45069 38627.49783 41551.66417 42611.98597 42764.14815 43669.90729 44405.80061 45457.51050 47517.33866 50146.00687 50675.32063 51871.60201 56944.27208 61639.36290 72809.71650 85361.24297 101666.5275 114972.3103 189552.4090
