    unsorted:	 0.000000000 1703.330363 1677.215786 1667.330390 1657.486531 1613.250662 1607.665062 1766.581110 1801.997155 1549.405103 1890.260755 1477.379289 2006.134076 2055.770779 2174.959106 2165.047399 2272.178245 2282.175328 2290.184293 2314.366520 2417.154519 1399.492625 2567.136547 2631.163596 2650.854922 2688.283025 2754.858762 2781.352485 1252.090905 683.0070183 683.0070170 3012.209761 3033.921221 1082.831605 3132.327107 3293.577298 3756.035468 5.617808488e-06 244.2947431 136.8387485 3994.909754 27811.04504 27049.32374 28382.39014 30543.21773 29791.68723 26085.90780 33355.64201 34210.49198 35979.93588 36136.43000 37746.86159 39227.28426 41201.12646 41612.75111 21360.09889 44515.39153 44808.45751 49001.25026 50878.79821 52006.50872 57344.90833 63524.66922 72881.05988 87100.44120 104264.9946 122702.5874 189555.6446 2.479800101e-06 2.479800101e-06
      sorted:	 0.000000000 2.479800101e-06 2.479800101e-06 5.617808488e-06 136.8387485 244.2947431 683.0070170 683.0070183 1082.831605 1252.090905 1399.492625 1477.379289 1549.405103 1607.665062 1613.250662 1657.486531 1667.330390 1677.215786 1703.330363 1766.581110 1801.997155 1890.260755 2006.134076 2055.770779 2165.047399 2174.959106 2272.178245 2282.175328 2290.184293 2314.366520 2417.154519 2567.136547 2631.163596 2650.854922 2688.283025 2754.858762 2781.352485 3012.209761 3033.921221 3132.327107 3293.577298 3756.035468 3994.909754 21360.09889 26085.90780 27049.32374 27811.04504 28382.39014 29791.68723 30543.21773 33355.64201 34210.49198 35979.93588 36136.43000 37746.86159 39227.28426 41201.12646 41612.75111 44515.39153 44808.45751 49001.25026 50878.79821 52006.50872 57344.90833 63524.66922 72881.05988 87100.44120 104264.9946 122702.5874 189555.6446
