    unsorted:	 1231.406141 1216.188187 1261.736936 1278.438321 1292.571986 1321.830085 1330.908064 1187.419863 1361.028332 1147.888977 1134.294324 1415.070898 1029.322314 1013.893532 975.4872101 1539.161683 1601.310343 1706.834329 1780.445962 833.2056196 764.3418469 684.7199539 1944.207069 2119.045991 2059.929429 2332.535375 2355.046394 2689.005684 2836.856957 2901.858560 249.7102563 3143.622243 3231.463676 3274.802336 83.59484579 49.92377997 3472.227988 3637.321310 3701.958973 3917.645692 6159.383521 37598.56042 37512.96698 38903.34339 39810.98515 40188.40933 36183.10048 35277.59991 32027.82863 32371.34167 43166.06312 43494.93888 44625.53963 45168.86511 45580.73428 46825.12841 47552.52920 28819.86790 49598.88690 50986.63070 53198.77462 57146.12071 61635.97748 72309.98280 86187.08674 99730.04501 113252.7653 189516.2625 2.479800101e-06 2.479800101e-06
      sorted:	 2.479800101e-06 2.479800101e-06 49.92377997 83.59484579 249.7102563 684.7199539 764.3418469 833.2056196 975.4872101 1013.893532 1029.322314 1134.294324 1147.888977 1187.419863 1216.188187 1231.406141 1261.736936 1278.438321 1292.571986 1321.830085 1330.908064 1361.028332 1415.070898 1539.161683 1601.310343 1706.834329 1780.445962 1944.207069 2059.929429 2119.045991 2332.535375 2355.046394 2689.005684 2836.856957 2901.858560 3143.622243 3231.463676 3274.802336 3472.227988 3637.321310 3701.958973 3917.645692 6159.383521 28819.86790 32027.82863 32371.34167 35277.59991 36183.10048 37512.96698 37598.56042 38903.34339 39810.98515 40188.40933 43166.06312 43494.93888 44625.53963 45168.86511 45580.73428 46825.12841 47552.52920 49598.88690 50986.63070 53198.77462 57146.12071 61635.97748 72309.98280 86187.08674 99730.04501 113252.7653 189516.2625
