    unsorted:	 1243.735829 1272.540563 1299.030516 1314.957376 1338.070825 1209.186576 1202.311658 1388.726140 1401.626455 1424.605357 1175.451665 1445.698333 1082.394743 1538.829043 1014.410478 955.7839032 1629.999641 1786.396933 1825.152344 795.1645709 776.3169276 684.6541162 1970.017312 2125.729746 2186.205007 2312.915057 2525.867568 2677.474519 2841.791921 3027.010555 3136.890659 3124.287942 248.1849999 3327.374892 3373.140266 95.58668355 58.54710774 3593.835254 3689.357985 3797.676151 7940.557793 37394.79345 37719.40007 36362.70963 35099.81309 35233.39405 33450.25571 32515.80572 30151.78085 29609.48948 40886.87260 41066.27463 42482.56758 42987.69345 43175.25019 26568.82266 45053.38165 46121.77935 47481.35059 49625.48108 50608.73654 56573.33610 61285.64705 71982.97302 85751.69640 100372.6571 114003.0523 189505.6928 2.479800101e-06 2.479800101e-06
      sorted:	 2.479800101e-06 2.479800101e-06 58.54710774 95.58668355 248.1849999 684.6541162 776.3169276 795.1645709 955.7839032 1014.410478 1082.394743 1175.451665 1202.311658 1209.186576 1243.735829 1272.540563 1299.030516 1314.957376 1338.070825 1388.726140 1401.626455 1424.605357 1445.698333 1538.829043 1629.999641 1786.396933 1825.152344 1970.017312 2125.729746 2186.205007 2312.915057 2525.867568 2677.474519 2841.791921 3027.010555 3124.287942 3136.890659 3327.374892 3373.140266 3593.835254 3689.357985 3797.676151 7940.557793 26568.82266 29609.48948 30151.78085 32515.80572 33450.25571 35099.81309 35233.39405 36362.70963 37394.79345 37719.40007 40886.87260 41066.27463 42482.56758 42987.69345 43175.25019 45053.38165 46121.77935 47481.35059 49625.48108 50608.73654 56573.33610 61285.64705 71982.97302 85751.69640 100372.6571 114003.0523 189505.6928
