    unsorted:	 1434.810305 1450.037485 1419.004139 1473.183569 1366.486596 1350.223316 1329.422041 1299.553892 1262.409785 1235.340130 1227.919528 1542.014517 1169.927267 1109.982265 1655.663465 1015.383745 938.5621104 1831.822689 1863.146300 1990.002410 799.3226375 777.1711165 684.6824598 2141.216371 2222.749191 2314.495398 2559.182486 2708.313971 2845.772657 3130.268650 3118.634417 3028.820820 3310.667404 3342.949118 247.8224701 3570.915723 100.6582721 61.91309626 3683.653282 3739.836853 8747.411669 33999.15235 34281.80987 35268.51838 36091.46646 36707.02417 32209.46141 31253.23926 29233.59122 28553.19573 39980.39517 39807.78435 41225.83205 41952.76732 42280.22803 25641.73674 44457.06428 45662.83295 46717.71758 48935.05935 49629.46439 56373.44810 61291.00843 71480.16532 85666.78210 100716.1017 114511.6356 189497.9738 2.479800101e-06 2.479800101e-06
      sorted:	 2.479800101e-06 2.479800101e-06 61.91309626 100.6582721 247.8224701 684.6824598 777.1711165 799.3226375 938.5621104 1015.383745 1109.982265 1169.927267 1227.919528 1235.340130 1262.409785 1299.553892 1329.422041 1350.223316 1366.486596 1419.004139 1434.810305 1450.037485 1473.183569 1542.014517 1655.663465 1831.822689 1863.146300 1990.002410 2141.216371 2222.749191 2314.495398 2559.182486 2708.313971 2845.772657 3028.820820 3118.634417 3130.268650 3310.667404 3342.949118 3570.915723 3683.653282 3739.836853 8747.411669 25641.73674 28553.19573 29233.59122 31253.23926 32209.46141 33999.15235 34281.80987 35268.51838 36091.46646 36707.02417 39807.78435 39980.39517 41225.83205 41952.76732 42280.22803 44457.06428 45662.83295 46717.71758 48935.05935 49629.46439 56373.44810 61291.00843 71480.16532 85666.78210 100716.1017 114511.6356 189497.9738
