    unsorted:	 0.000000000 1639.467158 1627.023418 1662.923144 1672.488916 1593.855745 1579.036393 1764.695149 1798.956044 1531.245220 1883.831078 1459.292063 1981.678703 2087.866721 2153.439175 2223.409066 2275.876127 2266.882371 2315.109044 2348.412365 2411.791020 1381.683248 2607.522052 2653.989580 2750.839163 2704.838133 2767.866190 2807.721335 1267.560807 683.1757698 683.1757745 3079.295767 3104.981991 3141.271392 1039.742633 3330.388743 3689.144122 5.293270179e-06 244.9316600 4049.622228 134.7292097 30795.87518 28824.31425 28097.93169 30020.55336 27127.16705 26192.06232 33636.58131 34276.84673 35994.35424 36509.83678 38002.37429 39319.89691 41110.70723 21540.93743 42241.70985 44060.50156 44599.74879 48758.31872 50402.12072 51713.34162 57060.42901 63175.34590 72934.07669 86768.53899 104017.2511 121601.6205 189558.5870 2.479800101e-06 2.479800101e-06
      sorted:	 0.000000000 2.479800101e-06 2.479800101e-06 5.293270179e-06 134.7292097 244.9316600 683.1757698 683.1757745 1039.742633 1267.560807 1381.683248 1459.292063 1531.245220 1579.036393 1593.855745 1627.023418 1639.467158 1662.923144 1672.488916 1764.695149 1798.956044 1883.831078 1981.678703 2087.866721 2153.439175 2223.409066 2266.882371 2275.876127 2315.109044 2348.412365 2411.791020 2607.522052 2653.989580 2704.838133 2750.839163 2767.866190 2807.721335 3079.295767 3104.981991 3141.271392 3330.388743 3689.144122 4049.622228 21540.93743 26192.06232 27127.16705 28097.93169 28824.31425 30020.55336 30795.87518 33636.58131 34276.84673 35994.35424 36509.83678 38002.37429 39319.89691 41110.70723 42241.70985 44060.50156 44599.74879 48758.31872 50402.12072 51713.34162 57060.42901 63175.34590 72934.07669 86768.53899 104017.2511 121601.6205 189558.5870
