    unsorted:	 1518.294256 1528.008356 1492.283280 1429.995901 1439.287667 1417.404813 1553.577054 1367.967547 1357.814150 1618.759359 1291.471626 1275.459823 1720.878482 1185.912158 1137.725745 1938.759805 1924.714629 1029.006691 683.9090272 923.9178363 858.1781880 812.2435392 2170.477254 2128.954575 2282.065701 2398.238437 2478.879572 2778.768627 2926.742563 2970.961471 3071.011885 3177.770439 3237.005576 3336.667975 3516.638324 3.372510238e-07 243.7179868 3610.123494 3665.215860 98.47337086 32257.33186 31976.88899 31350.22007 33505.77811 33842.98733 29170.50962 27463.15782 27033.21437 25048.74233 36079.19773 37335.21343 38086.52778 39324.73478 39991.97006 23839.50994 43009.26498 43541.00672 44652.53621 45277.75680 48414.39257 55514.52730 60161.39004 69194.56861 85667.78738 99238.01709 115137.6543 189468.7474 432191.2916 2.479800101e-06 2.479800101e-06
      sorted:	 3.372510238e-07 2.479800101e-06 2.479800101e-06 98.47337086 243.7179868 683.9090272 812.2435392 858.1781880 923.9178363 1029.006691 1137.725745 1185.912158 1275.459823 1291.471626 1357.814150 1367.967547 1417.404813 1429.995901 1439.287667 1492.283280 1518.294256 1528.008356 1553.577054 1618.759359 1720.878482 1924.714629 1938.759805 2128.954575 2170.477254 2282.065701 2398.238437 2478.879572 2778.768627 2926.742563 2970.961471 3071.011885 3177.770439 3237.005576 3336.667975 3516.638324 3610.123494 3665.215860 23839.50994 25048.74233 27033.21437 27463.15782 29170.50962 31350.22007 31976.88899 32257.33186 33505.77811 33842.98733 36079.19773 37335.21343 38086.52778 39324.73478 39991.97006 43009.26498 43541.00672 44652.53621 45277.75680 48414.39257 55514.52730 60161.39004 69194.56861 85667.78738 99238.01709 115137.6543 189468.7474 432191.2916
