    unsorted:	 1497.024949 1508.144846 1474.813799 1533.295399 1421.559475 1412.862131 1396.377709 1350.730443 1332.632404 1276.265798 1265.785996 1593.212109 1179.342083 1132.560042 1705.380558 684.0100190 1022.951464 923.0764264 1914.531321 1918.009228 829.1678348 808.4113365 2085.492407 2164.316496 2260.561730 2386.576914 2491.991535 2811.956153 2907.515630 2950.287257 3087.341061 3216.209197 3211.746951 3339.437791 3530.804557 -3.556948694e-06 244.5313481 96.87112182 3637.709932 3672.552765 33126.40735 32545.67579 31935.22770 33804.39634 34465.39850 29834.64616 28129.50249 27611.10353 25749.94830 36603.61287 37927.46312 38832.25909 39789.40690 40510.22885 24215.48054 43377.59850 44085.77852 44954.83050 45660.92089 48689.29870 55788.98822 60108.80556 69754.13687 85649.71143 99381.68738 114477.8900 189476.7391 745447.3596 2.479800101e-06 2.479800101e-06
      sorted:	 -3.556948694e-06 2.479800101e-06 2.479800101e-06 96.87112182 244.5313481 684.0100190 808.4113365 829.1678348 923.0764264 1022.951464 1132.560042 1179.342083 1265.785996 1276.265798 1332.632404 1350.730443 1396.377709 1412.862131 1421.559475 1474.813799 1497.024949 1508.144846 1533.295399 1593.212109 1705.380558 1914.531321 1918.009228 2085.492407 2164.316496 2260.561730 2386.576914 2491.991535 2811.956153 2907.515630 2950.287257 3087.341061 3211.746951 3216.209197 3339.437791 3530.804557 3637.709932 3672.552765 24215.48054 25749.94830 27611.10353 28129.50249 29834.64616 31935.22770 32545.67579 33126.40735 33804.39634 34465.39850 36603.61287 37927.46312 38832.25909 39789.40690 40510.22885 43377.59850 44085.77852 44954.83050 45660.92089 48689.29870 55788.98822 60108.80556 69754.13687 85649.71143 99381.68738 114477.8900 189476.7391 745447.3596
