    unsorted:	 1539.009260 1547.552375 1509.201991 1446.010799 1456.036494 1437.209198 1388.612758 1378.339093 1574.574370 1306.233073 1286.803508 1645.581470 1195.122572 1735.809227 1143.056354 1927.609367 1959.906860 1037.248782 929.3453546 683.8050042 887.1587278 816.2720059 2169.772449 2185.127447 2309.908222 2387.379393 2487.709189 2740.521047 2904.264392 3026.255930 3054.400223 3148.126233 3249.711425 3339.006336 3500.209372 1.526281216e-05 242.8842235 3588.498054 99.76619120 3657.192374 33023.59459 31454.74691 31358.12675 30803.73966 33571.06298 28539.84603 26964.03853 26424.93665 24487.96311 35631.90684 36773.65526 37362.65071 38958.26747 39509.86504 23501.40518 42647.42364 43165.74817 44300.67578 45034.97931 48112.29004 55225.95361 60354.12016 68716.44459 85662.56012 99718.74794 116235.0829 189460.6409 889229.5097 2.479800101e-06 2.479800101e-06
      sorted:	 2.479800101e-06 2.479800101e-06 1.526281216e-05 99.76619120 242.8842235 683.8050042 816.2720059 887.1587278 929.3453546 1037.248782 1143.056354 1195.122572 1286.803508 1306.233073 1378.339093 1388.612758 1437.209198 1446.010799 1456.036494 1509.201991 1539.009260 1547.552375 1574.574370 1645.581470 1735.809227 1927.609367 1959.906860 2169.772449 2185.127447 2309.908222 2387.379393 2487.709189 2740.521047 2904.264392 3026.255930 3054.400223 3148.126233 3249.711425 3339.006336 3500.209372 3588.498054 3657.192374 23501.40518 24487.96311 26424.93665 26964.03853 28539.84603 30803.73966 31358.12675 31454.74691 33023.59459 33571.06298 35631.90684 36773.65526 37362.65071 38958.26747 39509.86504 42647.42364 43165.74817 44300.67578 45034.97931 48112.29004 55225.95361 60354.12016 68716.44459 85662.56012 99718.74794 116235.0829 189460.6409 889229.5097
