    unsorted:	 1507.692117 1518.113076 1483.618839 1421.596473 1430.522953 1407.033813 1543.369093 1359.177134 1345.516532 1605.722696 1283.925831 1270.462336 1713.201911 1182.335385 1135.156805 2167.152336 1926.989997 1921.952486 1025.745101 683.9598945 923.0535582 843.4031659 810.3240141 2106.749538 2270.344952 2395.304487 2482.791603 2934.823432 2943.014219 2796.668416 3079.490014 3194.824127 3227.123258 3337.700535 3.637131497e-08 3523.934755 244.1373823 3623.365372 3668.922773 97.71568784 32695.79600 32264.87890 31641.31827 33674.52778 34137.55897 29499.83853 27782.66079 27338.40227 36359.83323 37628.72262 38456.83040 25425.13278 39560.49368 40248.45492 24023.13430 43221.79147 43827.46844 44811.67325 45450.29578 48554.66001 55655.15301 60168.87268 69468.83608 85662.34687 99465.03725 114888.3540 189472.7729 809928.6956 2.479800101e-06 2.479800101e-06
      sorted:	 3.637131497e-08 2.479800101e-06 2.479800101e-06 97.71568784 244.1373823 683.9598945 810.3240141 843.4031659 923.0535582 1025.745101 1135.156805 1182.335385 1270.462336 1283.925831 1345.516532 1359.177134 1407.033813 1421.596473 1430.522953 1483.618839 1507.692117 1518.113076 1543.369093 1605.722696 1713.201911 1921.952486 1926.989997 2106.749538 2167.152336 2270.344952 2395.304487 2482.791603 2796.668416 2934.823432 2943.014219 3079.490014 3194.824127 3227.123258 3337.700535 3523.934755 3623.365372 3668.922773 24023.13430 25425.13278 27338.40227 27782.66079 29499.83853 31641.31827 32264.87890 32695.79600 33674.52778 34137.55897 36359.83323 37628.72262 38456.83040 39560.49368 40248.45492 43221.79147 43827.46844 44811.67325 45450.29578 48554.66001 55655.15301 60168.87268 69468.83608 85662.34687 99465.03725 114888.3540 189472.7729 809928.6956
