    unsorted:	 1319.943442 1310.973331 1301.951047 1268.424802 1256.362262 1231.130924 1349.728811 1206.512963 1184.774258 1138.463700 1118.689252 1413.940464 1034.874721 1013.346794 965.4513215 1532.391254 1600.404308 1697.448920 844.0576343 1783.336535 684.7414144 759.9508271 1940.466280 2045.235060 2111.706307 2298.023879 2363.276384 2683.963289 2836.107841 2881.686607 250.1564973 3144.409164 3245.487591 3263.389253 81.36782316 48.10928394 3485.950736 3642.707396 3705.303118 3937.124122 5854.065200 38051.83545 37937.28575 39369.72316 40201.13225 40656.52634 36667.91238 35764.48357 43556.97518 43932.17123 44905.22587 45594.20285 46068.52924 47193.51183 32475.81650 32797.75779 47877.59684 29246.66210 50050.05226 51272.53608 53664.32557 57300.86384 61748.84116 72314.51335 86297.94423 99619.28913 113150.6592 189517.4995 2.479800101e-06 2.479800101e-06
      sorted:	 2.479800101e-06 2.479800101e-06 48.10928394 81.36782316 250.1564973 684.7414144 759.9508271 844.0576343 965.4513215 1013.346794 1034.874721 1118.689252 1138.463700 1184.774258 1206.512963 1231.130924 1256.362262 1268.424802 1301.951047 1310.973331 1319.943442 1349.728811 1413.940464 1532.391254 1600.404308 1697.448920 1783.336535 1940.466280 2045.235060 2111.706307 2298.023879 2363.276384 2683.963289 2836.107841 2881.686607 3144.409164 3245.487591 3263.389253 3485.950736 3642.707396 3705.303118 3937.124122 5854.065200 29246.66210 32475.81650 32797.75779 35764.48357 36667.91238 37937.28575 38051.83545 39369.72316 40201.13225 40656.52634 43556.97518 43932.17123 44905.22587 45594.20285 46068.52924 47193.51183 47877.59684 50050.05226 51272.53608 53664.32557 57300.86384 61748.84116 72314.51335 86297.94423 99619.28913 113150.6592 189517.4995
