    unsorted:	 1465.341312 1478.055417 1447.757071 1394.348524 1384.186651 1362.866519 1325.697953 1294.373323 1253.073396 1252.348030 1503.793717 1560.294314 1170.830704 1124.850234 1681.192289 1018.732965 1875.124222 1897.423459 926.8940080 2022.574484 805.2932502 794.4325112 684.7698684 2153.404366 2239.886488 2346.510677 2528.513927 2790.852305 2839.945247 2986.918223 3169.354544 3103.988366 3254.103482 3342.040534 247.2282283 3549.800518 3671.414370 3689.394760 105.0900391 64.93532939 9479.082507 33433.51396 32974.30385 34286.77198 34912.64204 35737.96556 31054.19393 30090.69852 28420.92241 27586.38547 38768.80833 38984.42504 40005.34901 41046.53486 41419.06496 24856.56698 43972.16792 45295.35844 46077.61669 47963.91211 49098.74818 56130.44603 61387.36707 70726.44711 85650.89040 101126.1285 115187.0865 189488.4674 2.479800101e-06 2.479800101e-06
      sorted:	 2.479800101e-06 2.479800101e-06 64.93532939 105.0900391 247.2282283 684.7698684 794.4325112 805.2932502 926.8940080 1018.732965 1124.850234 1170.830704 1252.348030 1253.073396 1294.373323 1325.697953 1362.866519 1384.186651 1394.348524 1447.757071 1465.341312 1478.055417 1503.793717 1560.294314 1681.192289 1875.124222 1897.423459 2022.574484 2153.404366 2239.886488 2346.510677 2528.513927 2790.852305 2839.945247 2986.918223 3103.988366 3169.354544 3254.103482 3342.040534 3549.800518 3671.414370 3689.394760 9479.082507 24856.56698 27586.38547 28420.92241 30090.69852 31054.19393 32974.30385 33433.51396 34286.77198 34912.64204 35737.96556 38768.80833 38984.42504 40005.34901 41046.53486 41419.06496 43972.16792 45295.35844 46077.61669 47963.91211 49098.74818 56130.44603 61387.36707 70726.44711 85650.89040 101126.1285 115187.0865 189488.4674
