    unsorted:	 1254.142806 1285.128178 1293.740750 1235.218707 1318.671761 1185.679305 1189.852812 1180.192873 1367.556718 1378.079695 1405.182413 1432.042587 1057.464364 1015.062589 1543.009931 969.0641121 1614.579102 1756.541633 1802.997535 799.7110512 776.6283369 684.6611582 1960.228244 2111.176537 2157.943122 2323.677217 2467.473251 2685.625699 2836.607988 2991.881915 3164.355845 3133.610998 3315.028870 248.5061926 3408.466932 91.85283618 56.01227973 3609.529405 3692.716138 3837.385742 7366.462538 38254.62307 38447.06818 37160.52579 35877.81064 35951.16057 34325.32906 33404.70398 30367.62438 30830.80996 41629.84879 41838.23046 43698.79213 43830.89430 43309.26346 45548.31224 27261.49431 46510.51399 48085.07631 50029.47579 51423.70178 56718.19626 61344.27018 72173.55364 85854.84079 100158.7247 113724.7979 189509.8762 2.479800101e-06 2.479800101e-06
      sorted:	 2.479800101e-06 2.479800101e-06 56.01227973 91.85283618 248.5061926 684.6611582 776.6283369 799.7110512 969.0641121 1015.062589 1057.464364 1180.192873 1185.679305 1189.852812 1235.218707 1254.142806 1285.128178 1293.740750 1318.671761 1367.556718 1378.079695 1405.182413 1432.042587 1543.009931 1614.579102 1756.541633 1802.997535 1960.228244 2111.176537 2157.943122 2323.677217 2467.473251 2685.625699 2836.607988 2991.881915 3133.610998 3164.355845 3315.028870 3408.466932 3609.529405 3692.716138 3837.385742 7366.462538 27261.49431 30367.62438 30830.80996 33404.70398 34325.32906 35877.81064 35951.16057 37160.52579 38254.62307 38447.06818 41629.84879 41838.23046 43309.26346 43698.79213 43830.89430 45548.31224 46510.51399 48085.07631 50029.47579 51423.70178 56718.19626 61344.27018 72173.55364 85854.84079 100158.7247 113724.7979 189509.8762
