    unsorted:	 1248.924216 1281.630905 1308.337838 1326.472368 1347.631310 1218.562768 1210.921295 1398.999725 1413.051734 1433.292778 1454.080097 1172.832333 1538.292859 1093.166875 1638.433995 1014.488567 949.5169163 1801.652817 1837.499148 795.9365721 775.3667828 684.6578597 1975.765908 2131.384889 2200.183414 2310.332717 2546.955015 2678.948944 2844.127275 3036.576394 3119.679545 3129.387472 3330.209096 3356.190172 248.0632093 97.34898465 59.71981434 3586.025886 3687.640359 3778.113108 8217.252825 36957.38837 37375.52482 35983.46419 34724.15730 34899.83460 33027.01588 32084.87978 29832.96625 29246.95294 40694.62985 40522.48028 42061.87183 42630.00912 42874.61298 26244.50437 44838.05188 45954.40151 47210.06331 49421.60521 50235.98808 56507.32485 61275.78583 71845.75378 85714.62091 100482.6471 114158.0342 189503.3195 2.479800101e-06 2.479800101e-06
      sorted:	 2.479800101e-06 2.479800101e-06 59.71981434 97.34898465 248.0632093 684.6578597 775.3667828 795.9365721 949.5169163 1014.488567 1093.166875 1172.832333 1210.921295 1218.562768 1248.924216 1281.630905 1308.337838 1326.472368 1347.631310 1398.999725 1413.051734 1433.292778 1454.080097 1538.292859 1638.433995 1801.652817 1837.499148 1975.765908 2131.384889 2200.183414 2310.332717 2546.955015 2678.948944 2844.127275 3036.576394 3119.679545 3129.387472 3330.209096 3356.190172 3586.025886 3687.640359 3778.113108 8217.252825 26244.50437 29246.95294 29832.96625 32084.87978 33027.01588 34724.15730 34899.83460 35983.46419 36957.38837 37375.52482 40522.48028 40694.62985 42061.87183 42630.00912 42874.61298 44838.05188 45954.40151 47210.06331 49421.60521 50235.98808 56507.32485 61275.78583 71845.75378 85714.62091 100482.6471 114158.0342 189503.3195
