    unsorted:	 1231.176565 1225.694410 1289.450888 1284.275730 1268.082493 1333.696931 1342.457969 1372.365681 1189.123496 1157.247892 1149.052998 1417.902793 1027.278663 1016.150478 980.6369161 1543.826049 1602.105252 1717.448448 1781.771178 823.0251197 768.3340476 684.7007871 1947.982100 2074.791689 2126.721408 2366.915830 2346.732332 2691.824242 2835.442656 2924.728805 249.3253849 3142.006276 3215.424438 3286.327058 3457.523045 85.75550713 51.60337486 3631.199082 3699.082364 3897.710167 6465.380336 37096.14488 37160.15559 38449.40823 39427.46239 39728.87810 35706.04622 34798.18340 31593.59085 31961.97042 42776.96784 43066.85906 44343.74373 44760.13786 45109.34018 46472.94263 47255.04675 28408.35395 49177.50690 50721.31851 52741.38030 57013.89096 61539.69316 72297.23511 86087.61393 99838.85082 113361.8221 189514.8897 2.479800101e-06 2.479800101e-06
      sorted:	 2.479800101e-06 2.479800101e-06 51.60337486 85.75550713 249.3253849 684.7007871 768.3340476 823.0251197 980.6369161 1016.150478 1027.278663 1149.052998 1157.247892 1189.123496 1225.694410 1231.176565 1268.082493 1284.275730 1289.450888 1333.696931 1342.457969 1372.365681 1417.902793 1543.826049 1602.105252 1717.448448 1781.771178 1947.982100 2074.791689 2126.721408 2346.732332 2366.915830 2691.824242 2835.442656 2924.728805 3142.006276 3215.424438 3286.327058 3457.523045 3631.199082 3699.082364 3897.710167 6465.380336 28408.35395 31593.59085 31961.97042 34798.18340 35706.04622 37096.14488 37160.15559 38449.40823 39427.46239 39728.87810 42776.96784 43066.85906 44343.74373 44760.13786 45109.34018 46472.94263 47255.04675 49177.50690 50721.31851 52741.38030 57013.89096 61539.69316 72297.23511 86087.61393 99838.85082 113361.8221 189514.8897
