    unsorted:	 1424.131664 1409.089701 1441.618467 1357.100517 1338.306380 1318.595959 1290.638734 1463.343667 1254.980629 1227.392568 1219.461508 1170.973613 1539.306285 1102.384177 1647.029464 1014.812681 943.7470901 1816.839013 1850.289746 797.4857195 775.4307410 684.6671332 1982.339815 2136.487851 2212.656407 2310.607254 2558.271185 2688.949675 2845.585632 3036.914682 3124.932221 3120.268578 3325.780412 3344.927917 247.9479558 99.03969438 60.83936612 3578.368257 3685.774652 3758.805405 8486.344609 36521.71917 35618.43753 37038.65614 34357.34030 34583.05780 32613.42199 31663.80739 29527.11206 28894.96146 40162.81642 40332.62888 41642.26486 42284.49402 42576.38013 25935.34154 44640.24788 45802.19744 46956.19536 49197.36601 49904.01353 56441.63196 61277.85961 71678.20478 85686.52533 100596.5600 114326.7206 189500.7478 2.479800101e-06 2.479800101e-06
      sorted:	 2.479800101e-06 2.479800101e-06 60.83936612 99.03969438 247.9479558 684.6671332 775.4307410 797.4857195 943.7470901 1014.812681 1102.384177 1170.973613 1219.461508 1227.392568 1254.980629 1290.638734 1318.595959 1338.306380 1357.100517 1409.089701 1424.131664 1441.618467 1463.343667 1539.306285 1647.029464 1816.839013 1850.289746 1982.339815 2136.487851 2212.656407 2310.607254 2558.271185 2688.949675 2845.585632 3036.914682 3120.268578 3124.932221 3325.780412 3344.927917 3578.368257 3685.774652 3758.805405 8486.344609 25935.34154 28894.96146 29527.11206 31663.80739 32613.42199 34357.34030 34583.05780 35618.43753 36521.71917 37038.65614 40162.81642 40332.62888 41642.26486 42284.49402 42576.38013 44640.24788 45802.19744 46956.19536 49197.36601 49904.01353 56441.63196 61277.85961 71678.20478 85686.52533 100596.5600 114326.7206 189500.7478
