    unsorted:	 1445.118208 1458.892474 1428.748690 1483.319632 1375.805987 1361.981193 1340.531042 1308.369482 1271.584446 1242.106982 1236.285686 1546.450550 1169.629744 1116.082530 1664.262327 1016.213489 934.0098409 1846.539195 1875.607349 1999.065039 801.2483634 780.8991519 684.7043602 2145.629606 2230.175456 2322.253231 2552.577478 2734.195265 2844.470912 3016.113421 3142.271507 3114.190461 3292.295459 3343.034182 247.6698410 3563.686418 102.2050816 62.94847185 3681.092598 3721.388098 9000.091531 33649.37459 33993.17609 34933.64237 35672.01217 36379.76027 31815.04720 30853.80939 28951.78300 28221.35652 39457.22351 39638.11319 40813.78172 41635.51923 41987.48756 25364.02238 44285.97182 45533.82517 46492.79194 48631.56382 49414.56274 56300.22449 61314.30993 71253.10867 85654.72571 100843.1038 114715.2455 189494.9976 2.479800101e-06 2.479800101e-06
      sorted:	 2.479800101e-06 2.479800101e-06 62.94847185 102.2050816 247.6698410 684.7043602 780.8991519 801.2483634 934.0098409 1016.213489 1116.082530 1169.629744 1236.285686 1242.106982 1271.584446 1308.369482 1340.531042 1361.981193 1375.805987 1428.748690 1445.118208 1458.892474 1483.319632 1546.450550 1664.262327 1846.539195 1875.607349 1999.065039 2145.629606 2230.175456 2322.253231 2552.577478 2734.195265 2844.470912 3016.113421 3114.190461 3142.271507 3292.295459 3343.034182 3563.686418 3681.092598 3721.388098 9000.091531 25364.02238 28221.35652 28951.78300 30853.80939 31815.04720 33649.37459 33993.17609 34933.64237 35672.01217 36379.76027 39457.22351 39638.11319 40813.78172 41635.51923 41987.48756 44285.97182 45533.82517 46492.79194 48631.56382 49414.56274 56300.22449 61314.30993 71253.10867 85654.72571 100843.1038 114715.2455 189494.9976
