    unsorted:	 1528.752483 1537.821405 1500.809411 1438.120795 1447.803777 1427.457121 1563.966741 1377.666417 1368.884691 1298.906027 1280.866582 1632.066661 1190.145228 1140.305674 1728.409831 1032.674945 925.8247962 683.8574034 872.8815611 814.1656955 1949.721790 1926.174305 2151.142469 2175.094579 2295.443739 2394.661098 2481.008419 2757.712421 2915.072444 3000.287753 3062.203858 3160.520780 3244.573215 3336.896726 3508.764820 6.194168464e-07 243.2813286 3598.321323 3661.320451 99.12661964 31751.28974 31676.30972 31032.26021 33000.17227 33628.98526 28838.31224 27165.22438 26597.74504 35600.26061 37034.85315 37721.35070 24239.58050 38946.37429 39727.34592 23635.03743 42327.47750 43250.25613 44462.41068 45141.42201 48261.06894 55369.32487 59576.23170 68915.57530 85583.12990 92860.20229 112000.4741 133161.6683 189464.6964 2.479800101e-06 2.479800101e-06
      sorted:	 6.194168464e-07 2.479800101e-06 2.479800101e-06 99.12661964 243.2813286 683.8574034 814.1656955 872.8815611 925.8247962 1032.674945 1140.305674 1190.145228 1280.866582 1298.906027 1368.884691 1377.666417 1427.457121 1438.120795 1447.803777 1500.809411 1528.752483 1537.821405 1563.966741 1632.066661 1728.409831 1926.174305 1949.721790 2151.142469 2175.094579 2295.443739 2394.661098 2481.008419 2757.712421 2915.072444 3000.287753 3062.203858 3160.520780 3244.573215 3336.896726 3508.764820 3598.321323 3661.320451 23635.03743 24239.58050 26597.74504 27165.22438 28838.31224 31032.26021 31676.30972 31751.28974 33000.17227 33628.98526 35600.26061 37034.85315 37721.35070 38946.37429 39727.34592 42327.47750 43250.25613 44462.41068 45141.42201 48261.06894 55369.32487 59576.23170 68915.57530 85583.12990 92860.20229 112000.4741 133161.6683 189464.6964
