    unsorted:	 1475.678970 1488.051243 1456.992821 1513.865768 1403.547110 1394.273239 1373.752758 1334.169195 1306.955272 1256.940276 1260.804450 1569.291900 1172.403906 1126.550788 1689.403996 1018.233111 1888.019107 1902.367605 924.4524948 803.6448102 802.2330640 2031.356296 2156.897304 684.7079480 2241.935633 2360.573754 2513.674691 2786.934838 2838.868213 2972.349486 3098.385635 3181.750820 3223.527757 3339.962751 245.1914052 3543.175108 3659.520330 3680.382357 94.92021319 0.1602139573 8682.050210 32649.34540 33154.88573 33950.73951 34610.34874 35424.27740 30685.31724 29723.07582 28171.80743 27278.90663 38428.98616 38671.89087 39610.08292 40775.31842 41146.59050 24628.49989 43827.79573 45176.94442 45894.16051 47629.86950 48968.33370 56030.54362 61429.28646 70434.27930 85653.98621 101284.6851 115460.5113 189484.8543 2.479800101e-06 2.479800101e-06
      sorted:	 2.479800101e-06 2.479800101e-06 0.1602139573 94.92021319 245.1914052 684.7079480 802.2330640 803.6448102 924.4524948 1018.233111 1126.550788 1172.403906 1256.940276 1260.804450 1306.955272 1334.169195 1373.752758 1394.273239 1403.547110 1456.992821 1475.678970 1488.051243 1513.865768 1569.291900 1689.403996 1888.019107 1902.367605 2031.356296 2156.897304 2241.935633 2360.573754 2513.674691 2786.934838 2838.868213 2972.349486 3098.385635 3181.750820 3223.527757 3339.962751 3543.175108 3659.520330 3680.382357 8682.050210 24628.49989 27278.90663 28171.80743 29723.07582 30685.31724 32649.34540 33154.88573 33950.73951 34610.34874 35424.27740 38428.98616 38671.89087 39610.08292 40775.31842 41146.59050 43827.79573 45176.94442 45894.16051 47629.86950 48968.33370 56030.54362 61429.28646 70434.27930 85653.98621 101284.6851 115460.5113 189484.8543
