    unsorted:	 1263.376819 1291.135048 1303.977922 1239.141966 1328.416851 1378.253931 1389.939373 1415.244376 1438.370902 1199.400384 1193.701228 1178.509431 1540.595853 1070.335866 1621.933100 1014.591683 962.3941090 1771.275051 1813.556032 796.1203377 777.1180532 684.6553827 1964.889604 2119.175813 2171.771235 2317.568896 2498.403037 2680.810671 2839.089286 3011.201730 3148.917674 3129.512318 3322.016533 248.3285641 3390.899711 93.75404457 57.31386425 3601.708889 3691.018745 3817.446422 7656.758210 37829.72221 38073.96941 36755.28253 35484.43306 35583.90480 33883.07693 32955.94662 30484.18909 29982.92382 41256.01745 41447.49606 43351.07102 43485.33707 42900.66412 45289.25508 26907.91561 46306.49135 47772.25434 49824.86884 51007.50011 56642.61066 61308.22947 72091.37376 85798.28343 100265.0751 113859.3466 189507.8754 2.479800101e-06 2.479800101e-06
      sorted:	 2.479800101e-06 2.479800101e-06 57.31386425 93.75404457 248.3285641 684.6553827 777.1180532 796.1203377 962.3941090 1014.591683 1070.335866 1178.509431 1193.701228 1199.400384 1239.141966 1263.376819 1291.135048 1303.977922 1328.416851 1378.253931 1389.939373 1415.244376 1438.370902 1540.595853 1621.933100 1771.275051 1813.556032 1964.889604 2119.175813 2171.771235 2317.568896 2498.403037 2680.810671 2839.089286 3011.201730 3129.512318 3148.917674 3322.016533 3390.899711 3601.708889 3691.018745 3817.446422 7656.758210 26907.91561 29982.92382 30484.18909 32955.94662 33883.07693 35484.43306 35583.90480 36755.28253 37829.72221 38073.96941 41256.01745 41447.49606 42900.66412 43351.07102 43485.33707 45289.25508 46306.49135 47772.25434 49824.86884 51007.50011 56642.61066 61308.22947 72091.37376 85798.28343 100265.0751 113859.3466 189507.8754
