    unsorted:	 1.241277029e-08 691.8384241 670.2922100 709.8526924 638.1555441 752.1852095 890.9982628 960.7604366 408.2483719 337.4766731 167.2933189 125.7660931 89.53217174 52.71830759 30.40345861 1334.041219 1401.862949 2990.869059 3140.471537 3942.519722 4828.353728 5385.561868 6048.542986 6648.585996 7958.929652 9757.764395 12724.32832 14592.92206 18512.88393 20121.11028 23370.84538 26110.06082 28340.09583 31930.71783 34525.00381 35967.04310 38443.45233 40316.34979 41638.99284 42533.57562 43269.27035 46354.33638 47741.29349 49701.34281 51647.06100 56469.33525 60080.82337 75823.26511 84678.86259 114622.4557 222872.6188 -639649.3293 718827.8109
      sorted:	 -639649.3293 1.241277029e-08 30.40345861 52.71830759 89.53217174 125.7660931 167.2933189 337.4766731 408.2483719 638.1555441 670.2922100 691.8384241 709.8526924 752.1852095 890.9982628 960.7604366 1334.041219 1401.862949 2990.869059 3140.471537 3942.519722 4828.353728 5385.561868 6048.542986 6648.585996 7958.929652 9757.764395 12724.32832 14592.92206 18512.88393 20121.11028 23370.84538 26110.06082 28340.09583 31930.71783 34525.00381 35967.04310 38443.45233 40316.34979 41638.99284 42533.57562 43269.27035 46354.33638 47741.29349 49701.34281 51647.06100 56469.33525 60080.82337 75823.26511 84678.86259 114622.4557 222872.6188 718827.8109
