    unsorted:	 5.323625822e-06 0.007170673620 110.7780937 96.62251378 51.38870154 30.64191706 158.4603562 331.5288255 455.4039360 742.1904277 711.7647110 641.1388932 830.2095822 889.5128549 986.3958253 1076.166541 1390.244756 1351.649622 2454.324156 3002.852242 3523.516396 4133.353117 4728.351775 5388.491755 6053.926028 6704.623273 7742.448524 9212.744966 12043.74068 12366.42662 17057.60627 20740.25307 21882.91528 25852.46599 26085.34536 29513.01782 32291.26409 34698.55970 37697.99688 41288.61720 40019.42813 42252.40493 42769.93669 46532.63758 46718.34751 48128.40322 49720.15178 51272.31610 52906.69642 56553.47048 62404.41309 77011.31918 85800.68015 116461.0388 213043.6501
      sorted:	 5.323625822e-06 0.007170673620 30.64191706 51.38870154 96.62251378 110.7780937 158.4603562 331.5288255 455.4039360 641.1388932 711.7647110 742.1904277 830.2095822 889.5128549 986.3958253 1076.166541 1351.649622 1390.244756 2454.324156 3002.852242 3523.516396 4133.353117 4728.351775 5388.491755 6053.926028 6704.623273 7742.448524 9212.744966 12043.74068 12366.42662 17057.60627 20740.25307 21882.91528 25852.46599 26085.34536 29513.01782 32291.26409 34698.55970 37697.99688 40019.42813 41288.61720 42252.40493 42769.93669 46532.63758 46718.34751 48128.40322 49720.15178 51272.31610 52906.69642 56553.47048 62404.41309 77011.31918 85800.68015 116461.0388 213043.6501
