    unsorted:	 3.705395754e-07 4.572426496e-05 717.5150139 699.6869875 743.9066010 793.1426572 641.8467873 904.0156813 980.9155417 430.8629789 111.4866629 107.2688273 52.32949785 32.91576304 173.3269865 335.6687603 1194.120912 1356.727605 1769.385612 2878.859631 2946.136251 3762.759584 4756.835048 5136.327074 5744.760864 6374.719335 6727.809283 7522.468256 9104.989347 12231.54175 12399.23001 19337.10160 20451.15165 21301.08195 24485.88337 26098.98878 26867.43142 30200.66437 32423.05190 35685.19626 37833.62460 41401.64528 41924.69829 42496.99800 43795.01688 46711.46083 48394.44288 48632.05847 50088.90623 51224.69529 55689.58017 57116.29619 65212.52888 79063.06629 92615.42710 119236.5401 204140.9735
      sorted:	 3.705395754e-07 4.572426496e-05 32.91576304 52.32949785 107.2688273 111.4866629 173.3269865 335.6687603 430.8629789 641.8467873 699.6869875 717.5150139 743.9066010 793.1426572 904.0156813 980.9155417 1194.120912 1356.727605 1769.385612 2878.859631 2946.136251 3762.759584 4756.835048 5136.327074 5744.760864 6374.719335 6727.809283 7522.468256 9104.989347 12231.54175 12399.23001 19337.10160 20451.15165 21301.08195 24485.88337 26098.98878 26867.43142 30200.66437 32423.05190 35685.19626 37833.62460 41401.64528 41924.69829 42496.99800 43795.01688 46711.46083 48394.44288 48632.05847 50088.90623 51224.69529 55689.58017 57116.29619 65212.52888 79063.06629 92615.42710 119236.5401 204140.9735
