    unsorted:	 9.096461129e-06 0.01443006665 716.6083369 740.1315604 694.7802373 799.6091701 824.6138786 644.6865024 913.6096996 433.8371936 111.6853632 116.9995748 52.80657513 34.29603092 178.6331479 331.8535593 1182.772119 1344.685153 1525.160700 2380.960424 2928.053979 3616.809037 4222.365016 4820.006220 5334.008031 5939.785911 6395.289015 7420.182824 7498.584022 9056.092193 12167.46281 12282.62217 20346.56567 20019.13878 21438.46512 24132.01186 26177.46148 26417.52199 30058.97187 31010.87938 32580.14200 35901.97807 37833.68229 41461.51480 41964.58256 42476.51030 45537.28991 46781.33694 48759.84190 50221.20182 50362.75753 51412.17307 56150.33330 58284.29567 67921.45818 80816.21159 96702.55517 121906.8413 195920.9392
      sorted:	 9.096461129e-06 0.01443006665 34.29603092 52.80657513 111.6853632 116.9995748 178.6331479 331.8535593 433.8371936 644.6865024 694.7802373 716.6083369 740.1315604 799.6091701 824.6138786 913.6096996 1182.772119 1344.685153 1525.160700 2380.960424 2928.053979 3616.809037 4222.365016 4820.006220 5334.008031 5939.785911 6395.289015 7420.182824 7498.584022 9056.092193 12167.46281 12282.62217 20019.13878 20346.56567 21438.46512 24132.01186 26177.46148 26417.52199 30058.97187 31010.87938 32580.14200 35901.97807 37833.68229 41461.51480 41964.58256 42476.51030 45537.28991 46781.33694 48759.84190 50221.20182 50362.75753 51412.17307 56150.33330 58284.29567 67921.45818 80816.21159 96702.55517 121906.8413 195920.9392
