    unsorted:	 672.4961644 678.3014811 705.5424150 632.5759964 597.2522795 810.1032294 517.5447625 457.7190982 429.7884595 401.1733604 389.6631296 348.7597913 327.9885884 306.5681196 272.4295170 894.0652392 1036.498611 1029.839684 981.8789412 1074.190247 1106.903478 1102.180349 1212.913365 130.8392566 38.71768013 1395.126805 1709.765102 1823.478398 2280.519748 2599.167611 2725.052308 2777.084425 2978.697264 3127.406229 3209.774810 3349.212560 3556.856716 3761.058097 3863.833500 9866.994728 26943.90308 27326.95584 27444.75362 29027.56850 30238.05090 30558.89513 25264.05294 33293.52464 34278.89761 35154.08904 36080.19948 37503.76408 37811.11441 38769.67823 39557.11380 49980.39860 51906.04637 56448.08387 57754.82147 72111.51122 74811.32697 83254.03943 113382.7521 117256.4648 151310.1598 160754.4654 187264.4443 2.479800101e-06 2.479800101e-06
      sorted:	 2.479800101e-06 2.479800101e-06 38.71768013 130.8392566 272.4295170 306.5681196 327.9885884 348.7597913 389.6631296 401.1733604 429.7884595 457.7190982 517.5447625 597.2522795 632.5759964 672.4961644 678.3014811 705.5424150 810.1032294 894.0652392 981.8789412 1029.839684 1036.498611 1074.190247 1102.180349 1106.903478 1212.913365 1395.126805 1709.765102 1823.478398 2280.519748 2599.167611 2725.052308 2777.084425 2978.697264 3127.406229 3209.774810 3349.212560 3556.856716 3761.058097 3863.833500 9866.994728 25264.05294 26943.90308 27326.95584 27444.75362 29027.56850 30238.05090 30558.89513 33293.52464 34278.89761 35154.08904 36080.19948 37503.76408 37811.11441 38769.67823 39557.11380 49980.39860 51906.04637 56448.08387 57754.82147 72111.51122 74811.32697 83254.03943 113382.7521 117256.4648 151310.1598 160754.4654 187264.4443
