    unsorted:	 539.4338658 535.9606621 556.1932436 580.1888664 600.4706232 672.3106826 641.2517971 687.2212339 470.8432074 442.5190414 393.9359562 337.3787458 311.4866857 302.1415175 837.6214021 954.5403567 1000.135829 1032.269441 1042.338558 1069.768856 1089.926770 1216.314718 1282.917054 174.0337445 145.7996101 61.15444673 1553.809919 1660.028169 2015.976063 2411.757622 2647.263881 2830.443032 2929.760399 3015.988649 3177.010163 3398.849049 3504.828911 3611.718812 3777.889229 9341.693225 25474.90673 24487.13580 24422.67196 26188.72173 27185.36016 27457.12903 28572.05196 29576.35870 31297.08402 33236.67464 34389.91315 35643.38468 37017.49494 38838.67348 44318.17730 45836.40092 49053.68394 53121.17765 63017.72995 69202.25619 80865.58367 100071.2456 111018.1554 134442.9715 152698.1965 181490.1628 186404.3334 2.479800101e-06 2.479800101e-06
      sorted:	 2.479800101e-06 2.479800101e-06 61.15444673 145.7996101 174.0337445 302.1415175 311.4866857 337.3787458 393.9359562 442.5190414 470.8432074 535.9606621 539.4338658 556.1932436 580.1888664 600.4706232 641.2517971 672.3106826 687.2212339 837.6214021 954.5403567 1000.135829 1032.269441 1042.338558 1069.768856 1089.926770 1216.314718 1282.917054 1553.809919 1660.028169 2015.976063 2411.757622 2647.263881 2830.443032 2929.760399 3015.988649 3177.010163 3398.849049 3504.828911 3611.718812 3777.889229 9341.693225 24422.67196 24487.13580 25474.90673 26188.72173 27185.36016 27457.12903 28572.05196 29576.35870 31297.08402 33236.67464 34389.91315 35643.38468 37017.49494 38838.67348 44318.17730 45836.40092 49053.68394 53121.17765 63017.72995 69202.25619 80865.58367 100071.2456 111018.1554 134442.9715 152698.1965 181490.1628 186404.3334
