    unsorted:	 671.0343685 1070.848129 1060.282476 1085.474848 1040.925060 1119.846675 1116.583610 991.0818573 778.4856296 849.3888141 723.3925589 702.9754201 1239.614040 591.3709166 470.4435137 498.9987241 437.6510593 366.7267172 352.4229975 339.7887715 320.5421039 297.7587649 253.6178332 1408.331336 -3.227100387e-07 128.9418487 1778.613685 1950.487482 2253.653400 2621.204625 2739.462738 2894.160233 3045.416537 3194.758812 3242.807360 3277.581705 3626.917405 3655.785868 3726.004997 31074.10105 31155.71847 32919.43859 33622.34556 34562.02988 35468.39762 27603.36186 28839.26729 36482.48990 38863.03284 38685.32373 39387.04764 26012.77856 40429.24874 20548.06160 48706.43747 53458.76446 56711.89906 56601.66864 69822.32419 72739.25287 77141.41296 107412.8951 110474.0631 141531.2013 153112.4684 187588.5558 225406.4242 2.479800101e-06 2.479800101e-06
      sorted:	 -3.227100387e-07 2.479800101e-06 2.479800101e-06 128.9418487 253.6178332 297.7587649 320.5421039 339.7887715 352.4229975 366.7267172 437.6510593 470.4435137 498.9987241 591.3709166 671.0343685 702.9754201 723.3925589 778.4856296 849.3888141 991.0818573 1040.925060 1060.282476 1070.848129 1085.474848 1116.583610 1119.846675 1239.614040 1408.331336 1778.613685 1950.487482 2253.653400 2621.204625 2739.462738 2894.160233 3045.416537 3194.758812 3242.807360 3277.581705 3626.917405 3655.785868 3726.004997 20548.06160 26012.77856 27603.36186 28839.26729 31074.10105 31155.71847 32919.43859 33622.34556 34562.02988 35468.39762 36482.48990 38685.32373 38863.03284 39387.04764 40429.24874 48706.43747 53458.76446 56601.66864 56711.89906 69822.32419 72739.25287 77141.41296 107412.8951 110474.0631 141531.2013 153112.4684 187588.5558 225406.4242
