    unsorted:	 1466.967709 1485.791214 1498.553202 1532.540171 1421.184210 1407.435126 1371.544651 1340.498994 1303.484168 1665.912931 1676.238891 1712.615103 1264.575272 1842.279320 1897.386413 1941.942295 2117.984379 2095.493807 2208.940905 2397.146871 2508.619254 2582.811019 683.0328794 2712.370745 2786.401148 2879.453398 2991.517099 3063.721543 873.5999163 3481.194468 3594.157294 3664.327075 3726.712918 3972.825995 1.973338897e-07 4125.509556 4279.947335 4410.191679 79.08168080 38268.00702 39077.21750 39617.15952 37176.39979 36511.12487 35254.22355 34494.50421 41989.26450 42934.92484 43794.40114 44326.51649 45437.23621 45057.05314 33149.60706 31421.12096 47297.94647 47855.39297 49089.65069 50953.90812 25563.45926 54537.14771 58755.01578 65988.25729 80769.73530 90799.08893 106305.5862 142890.4748 189593.0180 2.479800101e-06 2.479800101e-06
      sorted:	 1.973338897e-07 2.479800101e-06 2.479800101e-06 79.08168080 683.0328794 873.5999163 1264.575272 1303.484168 1340.498994 1371.544651 1407.435126 1421.184210 1466.967709 1485.791214 1498.553202 1532.540171 1665.912931 1676.238891 1712.615103 1842.279320 1897.386413 1941.942295 2095.493807 2117.984379 2208.940905 2397.146871 2508.619254 2582.811019 2712.370745 2786.401148 2879.453398 2991.517099 3063.721543 3481.194468 3594.157294 3664.327075 3726.712918 3972.825995 4125.509556 4279.947335 4410.191679 25563.45926 31421.12096 33149.60706 34494.50421 35254.22355 36511.12487 37176.39979 38268.00702 39077.21750 39617.15952 41989.26450 42934.92484 43794.40114 44326.51649 45057.05314 45437.23621 47297.94647 47855.39297 49089.65069 50953.90812 54537.14771 58755.01578 65988.25729 80769.73530 90799.08893 106305.5862 142890.4748 189593.0180
