    unsorted:	 1457.467978 1497.009416 1482.415743 1427.051434 1398.529704 1367.877965 1595.074905 1668.748369 1298.236138 1728.842509 1240.996379 1222.911119 1929.438200 1863.778511 1991.910785 2059.942299 2104.791536 2230.993877 2335.237682 679.3971476 2534.743919 2554.096396 917.9134572 2727.563892 3001.737028 3024.105292 3120.867475 3309.383997 3574.058777 1.379199542e-07 3977.710490 4194.741802 4355.862455 4495.077889 4664.959976 67.73458002 5012.043236 5189.098767 5758.538817 51186.20967 51095.99149 50520.50203 51901.35778 53161.47915 49484.30840 54643.03110 55196.36720 56273.38896 56565.32409 57240.39046 47664.47316 46474.96795 45068.67816 44332.78364 42355.01428 42623.73749 41414.84563 59138.09417 59998.54005 35641.16554 64082.53946 68850.72210 83810.87421 93285.62815 113149.4055 189510.5519 3593302.561 2.479800101e-06 2.479800101e-06
      sorted:	 1.379199542e-07 2.479800101e-06 2.479800101e-06 67.73458002 679.3971476 917.9134572 1222.911119 1240.996379 1298.236138 1367.877965 1398.529704 1427.051434 1457.467978 1482.415743 1497.009416 1595.074905 1668.748369 1728.842509 1863.778511 1929.438200 1991.910785 2059.942299 2104.791536 2230.993877 2335.237682 2534.743919 2554.096396 2727.563892 3001.737028 3024.105292 3120.867475 3309.383997 3574.058777 3977.710490 4194.741802 4355.862455 4495.077889 4664.959976 5012.043236 5189.098767 5758.538817 35641.16554 41414.84563 42355.01428 42623.73749 44332.78364 45068.67816 46474.96795 47664.47316 49484.30840 50520.50203 51095.99149 51186.20967 51901.35778 53161.47915 54643.03110 55196.36720 56273.38896 56565.32409 57240.39046 59138.09417 59998.54005 64082.53946 68850.72210 83810.87421 93285.62815 113149.4055 189510.5519 3593302.561
