    unsorted:	 1415.085902 1418.426421 1410.554583 1436.250509 1360.839284 1356.324278 1467.804365 1295.027404 1307.645373 1271.746518 1223.520207 1186.055205 1160.791871 1597.666742 1649.146219 1695.969573 1082.080298 685.1999352 1922.161050 1968.443698 2057.072370 915.9613399 2232.326249 805.4197515 2344.956154 2377.900530 2591.524141 2736.365136 2892.326190 3122.827915 3204.746542 3213.543017 3417.389584 3450.037464 -6.539750359e-07 3683.188571 3795.503936 3898.714312 100.9394979 37007.09920 36637.15433 37635.14364 35126.87930 34560.61006 33217.50741 32207.45644 39658.22316 30630.65925 29356.15676 40920.11926 41943.70680 42793.63291 42982.70019 44727.09645 45687.82489 46768.24798 48035.08658 24004.76706 49479.15913 55498.59387 59505.85201 68550.76772 83187.08884 97415.59858 111091.6324 189565.4744 51474654.55 2.479800101e-06 2.479800101e-06
      sorted:	 -6.539750359e-07 2.479800101e-06 2.479800101e-06 100.9394979 685.1999352 805.4197515 915.9613399 1082.080298 1160.791871 1186.055205 1223.520207 1271.746518 1295.027404 1307.645373 1356.324278 1360.839284 1410.554583 1415.085902 1418.426421 1436.250509 1467.804365 1597.666742 1649.146219 1695.969573 1922.161050 1968.443698 2057.072370 2232.326249 2344.956154 2377.900530 2591.524141 2736.365136 2892.326190 3122.827915 3204.746542 3213.543017 3417.389584 3450.037464 3683.188571 3795.503936 3898.714312 24004.76706 29356.15676 30630.65925 32207.45644 33217.50741 34560.61006 35126.87930 36637.15433 37007.09920 37635.14364 39658.22316 40920.11926 41943.70680 42793.63291 42982.70019 44727.09645 45687.82489 46768.24798 48035.08658 49479.15913 55498.59387 59505.85201 68550.76772 83187.08884 97415.59858 111091.6324 189565.4744 51474654.55
