    unsorted:	 498.2183550 498.2183550 2446.302910 2442.142249 2461.924006 2391.773802 2321.048659 2317.228231 2574.789021 2548.892489 2237.794663 2632.031648 2146.617964 2113.818564 2762.923339 1998.681489 1857.663101 2910.452347 2931.796227 1799.743581 1720.920570 3197.503036 3296.155125 1488.308499 1395.724115 491.4010279 1103.756265 1007.248663 3673.850403 3641.197086 4028.249342 4243.375982 4692.972851 4631.242517 4733.293037 4881.387048 4964.094295 -12.81469505 61.24894059 39702.21915 40387.89872 38752.47860 37674.57459 37175.53674 41425.50279 41942.88879 35541.04700 44438.24546 32466.96286 30943.57473 46711.80358 48812.62786 26239.67019 23107.65573 51623.39326 53724.08254 56738.76471 58831.15715 63515.20014 66263.63307 68137.34426 70497.62369 82616.51223 99214.82286 151013.8576 180652.4994 7.342844995e+13 2.479800101e-06 2.479800101e-06
      sorted:	 -12.81469505 2.479800101e-06 2.479800101e-06 61.24894059 491.4010279 498.2183550 498.2183550 1007.248663 1103.756265 1395.724115 1488.308499 1720.920570 1799.743581 1857.663101 1998.681489 2113.818564 2146.617964 2237.794663 2317.228231 2321.048659 2391.773802 2442.142249 2446.302910 2461.924006 2548.892489 2574.789021 2632.031648 2762.923339 2910.452347 2931.796227 3197.503036 3296.155125 3641.197086 3673.850403 4028.249342 4243.375982 4631.242517 4692.972851 4733.293037 4881.387048 4964.094295 23107.65573 26239.67019 30943.57473 32466.96286 35541.04700 37175.53674 37674.57459 38752.47860 39702.21915 40387.89872 41425.50279 41942.88879 44438.24546 46711.80358 48812.62786 51623.39326 53724.08254 56738.76471 58831.15715 63515.20014 66263.63307 68137.34426 70497.62369 82616.51223 99214.82286 151013.8576 180652.4994 7.342844995e+13
