    unsorted:	 2566.787501 2568.186585 2554.047018 2517.117820 2448.906384 2455.923055 2369.556272 2692.304075 2280.633870 2284.938935 2757.045105 2783.019066 2935.730049 2086.978282 3026.749622 1827.634129 1962.108963 1773.298558 1695.941264 3272.030988 3327.681040 432.9261051 432.9261050 1447.919450 1365.916831 3749.251399 3723.775176 1051.947728 899.2058548 4254.882432 4368.030652 4724.501944 4858.832810 4917.540776 5082.937691 5125.952178 0.0003421342951 61.68154435 35926.49643 36710.24965 38014.12210 39160.82905 40570.27540 41342.30749 42365.86342 42695.80123 32819.35846 31190.51364 44533.08884 47041.91542 48606.93427 50122.06853 25928.02019 22125.75514 52604.25697 56911.14538 59074.34340 64403.45279 67298.93822 69277.54859 72669.30480 82327.03817 95162.52503 -78113.10987 158033.2100 177599.8789 8.643476947e+14 2.479800101e-06 2.479800101e-06
      sorted:	 -78113.10987 2.479800101e-06 2.479800101e-06 0.0003421342951 61.68154435 432.9261050 432.9261051 899.2058548 1051.947728 1365.916831 1447.919450 1695.941264 1773.298558 1827.634129 1962.108963 2086.978282 2280.633870 2284.938935 2369.556272 2448.906384 2455.923055 2517.117820 2554.047018 2566.787501 2568.186585 2692.304075 2757.045105 2783.019066 2935.730049 3026.749622 3272.030988 3327.681040 3723.775176 3749.251399 4254.882432 4368.030652 4724.501944 4858.832810 4917.540776 5082.937691 5125.952178 22125.75514 25928.02019 31190.51364 32819.35846 35926.49643 36710.24965 38014.12210 39160.82905 40570.27540 41342.30749 42365.86342 42695.80123 44533.08884 47041.91542 48606.93427 50122.06853 52604.25697 56911.14538 59074.34340 64403.45279 67298.93822 69277.54859 72669.30480 82327.03817 95162.52503 158033.2100 177599.8789 8.643476947e+14
