    unsorted:	 0.000000000 410.8785428 410.8785423 410.8785574 2607.221448 2607.596454 2557.964425 2650.292996 2730.065919 2724.290503 2491.083103 2413.014815 2425.556247 2325.575637 2315.863642 2826.083625 2954.749755 3046.947010 2059.150713 1942.308351 1811.341262 1775.023711 1681.968636 3246.480859 3342.780978 1463.881603 1350.429834 3716.965844 3761.248611 1078.884532 984.4018559 4324.563696 4392.890192 4718.200817 4885.091278 4941.214386 5112.634655 5175.453405 1.107539973e-05 57.39024117 36109.53799 36557.32811 38163.60923 39425.43691 40877.28979 41673.30004 42745.96664 42962.12393 44554.34594 33013.76356 31301.12940 46943.72998 48954.74439 50238.29341 26301.44205 22127.37782 52487.71111 57260.87147 59513.70050 64858.73884 67153.55534 70487.88492 73846.86269 82644.00159 99061.91293 163463.9534 177450.2804 2.479800101e-06 2.479800101e-06
      sorted:	 0.000000000 2.479800101e-06 2.479800101e-06 1.107539973e-05 57.39024117 410.8785423 410.8785428 410.8785574 984.4018559 1078.884532 1350.429834 1463.881603 1681.968636 1775.023711 1811.341262 1942.308351 2059.150713 2315.863642 2325.575637 2413.014815 2425.556247 2491.083103 2557.964425 2607.221448 2607.596454 2650.292996 2724.290503 2730.065919 2826.083625 2954.749755 3046.947010 3246.480859 3342.780978 3716.965844 3761.248611 4324.563696 4392.890192 4718.200817 4885.091278 4941.214386 5112.634655 5175.453405 22127.37782 26301.44205 31301.12940 33013.76356 36109.53799 36557.32811 38163.60923 39425.43691 40877.28979 41673.30004 42745.96664 42962.12393 44554.34594 46943.72998 48954.74439 50238.29341 52487.71111 57260.87147 59513.70050 64858.73884 67153.55534 70487.88492 73846.86269 82644.00159 99061.91293 163463.9534 177450.2804
