    unsorted:	 2646.251766 2646.891180 2625.923069 2598.005151 2677.423502 2532.592307 2766.860123 2455.976570 2369.737604 2383.632129 2865.716132 2931.758124 2287.847281 3062.290658 3208.577416 2023.683168 1916.177711 1782.549428 1752.297887 1654.005865 3344.806798 388.9214663 388.9214634 1442.037271 1323.988929 3695.563436 3743.993111 1040.418646 931.8849769 4337.197155 4408.475977 4693.755930 4897.662980 4947.607234 5124.769036 5222.435781 266.7490429 56.48377930 -523.4121421 43137.97614 43199.99855 41983.26995 41145.70665 44535.93292 39598.53336 38300.65487 36502.67750 36169.86820 33133.94878 31384.91528 46725.26856 49090.78725 50118.29553 26254.79798 21805.95545 52318.93339 57626.76431 59790.13864 65320.24052 66927.92972 71769.89850 75153.44947 82929.65138 99080.52730 166721.5952 177196.8240 3.044040566e+15 2.479800101e-06 2.479800101e-06
      sorted:	 -523.4121421 2.479800101e-06 2.479800101e-06 56.48377930 266.7490429 388.9214634 388.9214663 931.8849769 1040.418646 1323.988929 1442.037271 1654.005865 1752.297887 1782.549428 1916.177711 2023.683168 2287.847281 2369.737604 2383.632129 2455.976570 2532.592307 2598.005151 2625.923069 2646.251766 2646.891180 2677.423502 2766.860123 2865.716132 2931.758124 3062.290658 3208.577416 3344.806798 3695.563436 3743.993111 4337.197155 4408.475977 4693.755930 4897.662980 4947.607234 5124.769036 5222.435781 21805.95545 26254.79798 31384.91528 33133.94878 36169.86820 36502.67750 38300.65487 39598.53336 41145.70665 41983.26995 43137.97614 43199.99855 44535.93292 46725.26856 49090.78725 50118.29553 52318.93339 57626.76431 59790.13864 65320.24052 66927.92972 71769.89850 75153.44947 82929.65138 99080.52730 166721.5952 177196.8240 3.044040566e+15
