    unsorted:	 564.3876536 569.2969495 544.7195871 589.3676182 523.2063413 500.7140195 671.2430672 679.5600813 638.1770652 447.3438385 422.2475742 377.8777344 349.2842672 338.4624898 311.3389894 786.0422799 987.4991982 969.1743293 1007.394993 927.2478462 1030.854691 1049.722003 1226.476965 1240.127117 159.6312953 65.01106098 1525.413187 1620.071708 1974.182799 2395.371782 2620.115910 2924.746541 2804.252281 3045.205800 3196.610973 3345.190360 3481.929152 3826.601720 3804.791738 9227.791132 24185.97802 25304.73964 24444.40886 25706.05556 26988.56385 27184.08477 28496.44505 29080.10036 31101.51748 32904.02200 34809.65338 35418.88063 36752.76137 38508.23853 46274.44552 47556.98136 50649.31862 53727.59318 65826.86496 67536.48295 80273.43275 97067.13633 116271.2040 138319.4086 159697.7980 185924.4020 182874.4482 2.479800101e-06 2.479800101e-06
      sorted:	 2.479800101e-06 2.479800101e-06 65.01106098 159.6312953 311.3389894 338.4624898 349.2842672 377.8777344 422.2475742 447.3438385 500.7140195 523.2063413 544.7195871 564.3876536 569.2969495 589.3676182 638.1770652 671.2430672 679.5600813 786.0422799 927.2478462 969.1743293 987.4991982 1007.394993 1030.854691 1049.722003 1226.476965 1240.127117 1525.413187 1620.071708 1974.182799 2395.371782 2620.115910 2804.252281 2924.746541 3045.205800 3196.610973 3345.190360 3481.929152 3804.791738 3826.601720 9227.791132 24185.97802 24444.40886 25304.73964 25706.05556 26988.56385 27184.08477 28496.44505 29080.10036 31101.51748 32904.02200 34809.65338 35418.88063 36752.76137 38508.23853 46274.44552 47556.98136 50649.31862 53727.59318 65826.86496 67536.48295 80273.43275 97067.13633 116271.2040 138319.4086 159697.7980 182874.4482 185924.4020
