    unsorted:	 1256.552069 1258.390438 1312.067065 1332.930247 1350.794704 1221.820816 1378.127469 1191.982683 1170.763534 1406.096411 1122.924166 1471.450751 1069.756003 1057.983863 1549.953928 1599.517636 1726.205824 1758.386050 684.5490168 1892.413862 882.2506621 2019.408718 2164.353627 2406.267255 2560.717515 2775.210922 1.505405967e-07 2970.126061 3284.587958 3508.738492 117.6951202 3980.985392 4068.081301 4353.502167 4732.646474 4893.855649 5235.561712 5553.545191 6424.525595 63672.25271 62901.42068 62707.07360 64179.66585 61706.33870 61002.23566 60041.42451 66222.11603 67211.22226 67256.92358 67851.39133 57871.98453 58200.97956 56588.86133 68900.78229 55599.17604 55223.17111 54586.75275 69518.27295 70250.53357 73567.72574 47000.08983 77888.76150 90934.43288 103628.9331 125822.8216 189587.3068 7644044.588 2.479800101e-06 2.479800101e-06
      sorted:	 1.505405967e-07 2.479800101e-06 2.479800101e-06 117.6951202 684.5490168 882.2506621 1057.983863 1069.756003 1122.924166 1170.763534 1191.982683 1221.820816 1256.552069 1258.390438 1312.067065 1332.930247 1350.794704 1378.127469 1406.096411 1471.450751 1549.953928 1599.517636 1726.205824 1758.386050 1892.413862 2019.408718 2164.353627 2406.267255 2560.717515 2775.210922 2970.126061 3284.587958 3508.738492 3980.985392 4068.081301 4353.502167 4732.646474 4893.855649 5235.561712 5553.545191 6424.525595 47000.08983 54586.75275 55223.17111 55599.17604 56588.86133 57871.98453 58200.97956 60041.42451 61002.23566 61706.33870 62707.07360 62901.42068 63672.25271 64179.66585 66222.11603 67211.22226 67256.92358 67851.39133 68900.78229 69518.27295 70250.53357 73567.72574 77888.76150 90934.43288 103628.9331 125822.8216 189587.3068 7644044.588
