    unsorted:	 682.8077710 682.8077703 1395.468160 1380.345724 1372.338347 1446.084058 1491.358210 1513.030722 1305.746806 1592.648026 1237.871747 1221.437906 1699.591855 2070.945347 2105.571806 2464.227264 2432.027558 2598.886539 2702.953155 2801.164327 2837.294149 -3.156326520e-08 3.086550794e-05 3196.833246 3154.263378 3372.856474 3447.334141 3643.710441 4040.518119 4200.719933 4396.037235 4324.227463 109.4859904 4776.708793 4974.746573 5110.990315 5343.365239 5707.452032 6089.697127 6417.080743 62664.27658 62480.33903 61967.18713 63220.17664 61076.82421 59451.75801 58219.72963 56811.03816 56699.21378 65917.11660 66609.06192 67204.19032 67755.20338 68001.01178 68868.74736 54562.57844 53652.44106 53037.64538 69904.56516 51819.63054 71727.29997 74587.14603 80592.81754 95964.03936 105344.8687 133142.2585 189528.5495 2.479800101e-06 2.479800101e-06
      sorted:	 -3.156326520e-08 2.479800101e-06 2.479800101e-06 3.086550794e-05 109.4859904 682.8077703 682.8077710 1221.437906 1237.871747 1305.746806 1372.338347 1380.345724 1395.468160 1446.084058 1491.358210 1513.030722 1592.648026 1699.591855 2070.945347 2105.571806 2432.027558 2464.227264 2598.886539 2702.953155 2801.164327 2837.294149 3154.263378 3196.833246 3372.856474 3447.334141 3643.710441 4040.518119 4200.719933 4324.227463 4396.037235 4776.708793 4974.746573 5110.990315 5343.365239 5707.452032 6089.697127 6417.080743 51819.63054 53037.64538 53652.44106 54562.57844 56699.21378 56811.03816 58219.72963 59451.75801 61076.82421 61967.18713 62480.33903 62664.27658 63220.17664 65917.11660 66609.06192 67204.19032 67755.20338 68001.01178 68868.74736 69904.56516 71727.29997 74587.14603 80592.81754 95964.03936 105344.8687 133142.2585 189528.5495
