    unsorted:	 601.5405409 607.0771713 638.6685606 639.9441551 584.3470944 661.6028813 668.4898812 558.3424185 540.2147229 513.4053548 492.9893665 469.6899891 466.2107335 431.3331999 420.9450169 855.4745122 852.5165847 884.0297070 917.6212918 909.5453152 937.4615943 1014.401231 319.1089750 1114.993846 170.1843870 73.68025520 1430.984124 1509.421880 1864.146522 2331.888827 2545.830729 2724.555497 2867.667921 2951.243747 3138.215845 3236.672039 3407.969651 3750.574761 3842.958645 8787.152791 24493.09334 24179.49215 24892.32341 25740.05482 26503.76840 23046.24387 27901.75443 28086.45247 30221.94755 32527.47429 33908.57608 34639.29326 35482.71352 37614.82102 47236.21039 49033.67394 52924.12393 54853.19761 67683.11544 72353.16610 85316.54114 103480.6152 124719.4747 146145.2992 167680.9464 184479.0253 192115.5247 2.479800101e-06 2.479800101e-06
      sorted:	 2.479800101e-06 2.479800101e-06 73.68025520 170.1843870 319.1089750 420.9450169 431.3331999 466.2107335 469.6899891 492.9893665 513.4053548 540.2147229 558.3424185 584.3470944 601.5405409 607.0771713 638.6685606 639.9441551 661.6028813 668.4898812 852.5165847 855.4745122 884.0297070 909.5453152 917.6212918 937.4615943 1014.401231 1114.993846 1430.984124 1509.421880 1864.146522 2331.888827 2545.830729 2724.555497 2867.667921 2951.243747 3138.215845 3236.672039 3407.969651 3750.574761 3842.958645 8787.152791 23046.24387 24179.49215 24493.09334 24892.32341 25740.05482 26503.76840 27901.75443 28086.45247 30221.94755 32527.47429 33908.57608 34639.29326 35482.71352 37614.82102 47236.21039 49033.67394 52924.12393 54853.19761 67683.11544 72353.16610 85316.54114 103480.6152 124719.4747 146145.2992 167680.9464 184479.0253 192115.5247
