    unsorted:	 537.2380078 530.7827686 523.6277273 546.8660625 572.7006291 593.6708452 485.4895927 664.4229069 670.6843700 636.0095556 701.2460006 449.9991704 439.7590648 426.0501444 350.9239857 912.3358402 919.5304293 883.1034585 950.4343758 966.0980125 980.4955279 984.8551156 315.8339239 1166.428934 196.6600309 79.46308960 1448.095620 1527.365688 1906.732457 2300.189817 2590.615555 2727.116109 2887.581473 2956.332031 3135.030515 3456.384667 3600.053505 3759.276316 3886.941271 9046.930270 27887.92583 28025.99385 27036.70329 26488.44276 24994.35570 24605.10191 23408.55583 22669.00884 29796.29269 31487.96112 32224.57625 33013.10993 34276.46620 36937.96575 42927.22430 47789.20759 51471.87877 53426.99350 64115.03712 73433.35061 87545.86450 105900.8135 121900.6664 140519.5440 160610.7460 184932.2499 191243.3423 2.479800101e-06 2.479800101e-06
      sorted:	 2.479800101e-06 2.479800101e-06 79.46308960 196.6600309 315.8339239 350.9239857 426.0501444 439.7590648 449.9991704 485.4895927 523.6277273 530.7827686 537.2380078 546.8660625 572.7006291 593.6708452 636.0095556 664.4229069 670.6843700 701.2460006 883.1034585 912.3358402 919.5304293 950.4343758 966.0980125 980.4955279 984.8551156 1166.428934 1448.095620 1527.365688 1906.732457 2300.189817 2590.615555 2727.116109 2887.581473 2956.332031 3135.030515 3456.384667 3600.053505 3759.276316 3886.941271 9046.930270 22669.00884 23408.55583 24605.10191 24994.35570 26488.44276 27036.70329 27887.92583 28025.99385 29796.29269 31487.96112 32224.57625 33013.10993 34276.46620 36937.96575 42927.22430 47789.20759 51471.87877 53426.99350 64115.03712 73433.35061 87545.86450 105900.8135 121900.6664 140519.5440 160610.7460 184932.2499 191243.3423
