    unsorted:	 671.1797068 661.0102824 707.2240163 751.9943468 623.7332984 508.8105506 531.7640074 477.0151454 457.0532751 451.8083102 418.2830661 360.3826460 348.6281466 989.7626206 1005.332096 958.8677004 1045.499342 1066.878271 1074.611086 1168.879028 226.9427544 1309.097471 1357.659257 140.6179638 107.4769485 45.67397820 1655.395412 1759.387970 1994.179670 2282.877187 2630.455918 2765.416011 2897.395378 3099.724293 3123.483922 3332.294330 3373.794421 3837.693715 3967.417425 9102.042918 30294.41408 29272.12113 30835.07370 27930.15263 26908.20406 26151.64287 25010.05548 32900.33700 33304.69733 33895.90998 34673.99315 36053.75373 36908.88590 37290.95200 40211.55266 43627.48846 51538.12043 52525.56111 58561.59098 70318.77932 77679.78217 94624.18989 111027.9902 125702.8706 152386.2379 170254.9356 186840.9004 2.479800101e-06 2.479800101e-06
      sorted:	 2.479800101e-06 2.479800101e-06 45.67397820 107.4769485 140.6179638 226.9427544 348.6281466 360.3826460 418.2830661 451.8083102 457.0532751 477.0151454 508.8105506 531.7640074 623.7332984 661.0102824 671.1797068 707.2240163 751.9943468 958.8677004 989.7626206 1005.332096 1045.499342 1066.878271 1074.611086 1168.879028 1309.097471 1357.659257 1655.395412 1759.387970 1994.179670 2282.877187 2630.455918 2765.416011 2897.395378 3099.724293 3123.483922 3332.294330 3373.794421 3837.693715 3967.417425 9102.042918 25010.05548 26151.64287 26908.20406 27930.15263 29272.12113 30294.41408 30835.07370 32900.33700 33304.69733 33895.90998 34673.99315 36053.75373 36908.88590 37290.95200 40211.55266 43627.48846 51538.12043 52525.56111 58561.59098 70318.77932 77679.78217 94624.18989 111027.9902 125702.8706 152386.2379 170254.9356 186840.9004
