    unsorted:	 1507.230927 1476.746037 1459.172016 1549.842247 1416.535199 1586.252074 1651.902471 1724.100395 1346.122911 1316.198098 1268.967206 1904.800616 1963.987221 2087.449727 2135.238122 2157.584799 2228.751570 2376.375180 2471.657361 2613.588343 2675.393648 678.1296959 2817.195498 2890.849590 3052.774277 911.6634909 3177.518703 3225.835927 3349.053383 1.667800809e-06 3911.465120 3959.981964 4046.788077 4184.378883 4499.792060 4616.456862 61.38313761 4803.530725 5100.369744 47449.64139 47290.69372 46251.29623 45775.81244 44545.18369 49090.01515 49307.40257 42962.14111 42147.20449 41418.29167 39645.84249 38871.07977 37430.80867 36742.62211 51160.75612 51343.67542 52098.14546 35179.08018 54319.74779 55891.59267 29518.32223 60612.46258 66138.35495 81679.48709 91594.91843 110379.4083 189488.3977 2117540.514 2.479800101e-06 2.479800101e-06
      sorted:	 1.667800809e-06 2.479800101e-06 2.479800101e-06 61.38313761 678.1296959 911.6634909 1268.967206 1316.198098 1346.122911 1416.535199 1459.172016 1476.746037 1507.230927 1549.842247 1586.252074 1651.902471 1724.100395 1904.800616 1963.987221 2087.449727 2135.238122 2157.584799 2228.751570 2376.375180 2471.657361 2613.588343 2675.393648 2817.195498 2890.849590 3052.774277 3177.518703 3225.835927 3349.053383 3911.465120 3959.981964 4046.788077 4184.378883 4499.792060 4616.456862 4803.530725 5100.369744 29518.32223 35179.08018 36742.62211 37430.80867 38871.07977 39645.84249 41418.29167 42147.20449 42962.14111 44545.18369 45775.81244 46251.29623 47290.69372 47449.64139 49090.01515 49307.40257 51160.75612 51343.67542 52098.14546 54319.74779 55891.59267 60612.46258 66138.35495 81679.48709 91594.91843 110379.4083 189488.3977 2117540.514
