    unsorted:	 1488.050002 1456.900546 1437.311454 1528.847725 1396.966041 1565.290110 1326.563054 1286.149145 1648.579078 1702.246719 1250.032148 1856.628751 1954.897101 2050.529042 2092.171014 2135.990846 2203.957300 2341.055489 2442.592098 2602.120954 2651.303874 678.0070651 2801.290367 2958.539544 3070.124143 918.4543216 3185.471868 3334.409095 3432.705370 1.848545350e-07 4015.180037 4111.889308 4248.340664 4315.312612 4635.299652 60.92393218 4856.378023 5017.568977 5459.988447 47818.72193 47985.91921 48478.41408 49389.26609 50251.84470 46281.95453 44754.39343 43770.61446 52077.97242 51861.16805 42146.05380 41409.94854 39351.04469 39831.04370 38082.79756 53630.17690 53849.19732 54439.41399 56630.47257 57680.73401 32411.02101 62139.12810 67213.37928 82457.88616 91998.41493 111287.2896 189482.8733 1132118.633 2.479800101e-06 2.479800101e-06
      sorted:	 1.848545350e-07 2.479800101e-06 2.479800101e-06 60.92393218 678.0070651 918.4543216 1250.032148 1286.149145 1326.563054 1396.966041 1437.311454 1456.900546 1488.050002 1528.847725 1565.290110 1648.579078 1702.246719 1856.628751 1954.897101 2050.529042 2092.171014 2135.990846 2203.957300 2341.055489 2442.592098 2602.120954 2651.303874 2801.290367 2958.539544 3070.124143 3185.471868 3334.409095 3432.705370 4015.180037 4111.889308 4248.340664 4315.312612 4635.299652 4856.378023 5017.568977 5459.988447 32411.02101 38082.79756 39351.04469 39831.04370 41409.94854 42146.05380 43770.61446 44754.39343 46281.95453 47818.72193 47985.91921 48478.41408 49389.26609 50251.84470 51861.16805 52077.97242 53630.17690 53849.19732 54439.41399 56630.47257 57680.73401 62139.12810 67213.37928 82457.88616 91998.41493 111287.2896 189482.8733 1132118.633
