    unsorted:	 1426.345435 1396.761686 1385.062695 1354.863684 1338.119605 1457.078050 1522.310777 1584.013503 1633.236258 1269.701535 1196.438989 1193.501025 1745.484402 1783.905405 1868.454624 1947.983300 2016.707028 2104.131041 2208.079831 681.0669910 2420.666870 2449.749651 912.6993064 2648.021190 2917.074028 2984.681375 3108.124455 3243.818196 6.084879173e-08 3707.950472 3886.180241 4181.537093 78.44902370 4428.387089 4621.460594 4687.711141 5079.207952 5321.155176 5980.004701 54227.57022 54515.36182 53733.09083 53074.94464 52335.18447 55685.82662 57351.50860 58138.55930 58830.51408 59185.33488 50547.88551 49164.13582 60034.23286 48008.23996 47223.97944 45289.77934 45488.14002 44699.10382 61543.59241 62384.19709 38677.42972 66130.51114 70713.07367 85252.17764 95087.21871 115433.7820 189542.5362 4400587.864 2.479800101e-06 2.479800101e-06
      sorted:	 6.084879173e-08 2.479800101e-06 2.479800101e-06 78.44902370 681.0669910 912.6993064 1193.501025 1196.438989 1269.701535 1338.119605 1354.863684 1385.062695 1396.761686 1426.345435 1457.078050 1522.310777 1584.013503 1633.236258 1745.484402 1783.905405 1868.454624 1947.983300 2016.707028 2104.131041 2208.079831 2420.666870 2449.749651 2648.021190 2917.074028 2984.681375 3108.124455 3243.818196 3707.950472 3886.180241 4181.537093 4428.387089 4621.460594 4687.711141 5079.207952 5321.155176 5980.004701 38677.42972 44699.10382 45289.77934 45488.14002 47223.97944 48008.23996 49164.13582 50547.88551 52335.18447 53074.94464 53733.09083 54227.57022 54515.36182 55685.82662 57351.50860 58138.55930 58830.51408 59185.33488 60034.23286 61543.59241 62384.19709 66130.51114 70713.07367 85252.17764 95087.21871 115433.7820 189542.5362 4400587.864
