    unsorted:	 367.1862600 367.1862606 367.1310953 2683.931288 2685.592991 2637.190504 2631.899086 2619.834851 2573.320414 2498.289809 2802.535604 2413.519447 2901.080275 2913.197038 2332.789786 2269.704106 3074.224467 3163.606555 1982.440934 1887.571758 1755.934102 1734.263168 1623.939876 3341.185175 1431.734038 1297.304233 3662.198093 3714.577219 1043.142712 949.0270634 4320.139070 4429.032896 4656.022208 4898.216718 4938.814840 5121.430594 5266.948718 -5.557372888 57.85256318 43420.16082 43541.33165 42270.50566 41367.02125 44566.29855 39738.69512 38417.65449 36689.05789 35996.91180 33251.37023 31467.48178 46454.86631 49271.76478 50129.95039 26152.21022 21469.10973 52239.52927 57926.57079 60254.29408 65734.48224 66810.56236 73174.12645 76541.72527 83344.02072 99143.28933 169483.4843 177890.2951 2.033358364e+13 2.479800101e-06 2.479800101e-06
      sorted:	 -5.557372888 2.479800101e-06 2.479800101e-06 57.85256318 367.1310953 367.1862600 367.1862606 949.0270634 1043.142712 1297.304233 1431.734038 1623.939876 1734.263168 1755.934102 1887.571758 1982.440934 2269.704106 2332.789786 2413.519447 2498.289809 2573.320414 2619.834851 2631.899086 2637.190504 2683.931288 2685.592991 2802.535604 2901.080275 2913.197038 3074.224467 3163.606555 3341.185175 3662.198093 3714.577219 4320.139070 4429.032896 4656.022208 4898.216718 4938.814840 5121.430594 5266.948718 21469.10973 26152.21022 31467.48178 33251.37023 35996.91180 36689.05789 38417.65449 39738.69512 41367.02125 42270.50566 43420.16082 43541.33165 44566.29855 46454.86631 49271.76478 50129.95039 52239.52927 57926.57079 60254.29408 65734.48224 66810.56236 73174.12645 76541.72527 83344.02072 99143.28933 169483.4843 177890.2951 2.033358364e+13
