    unsorted:	 1353.030864 1328.286994 1314.577224 1372.798628 1272.580126 1254.551636 1241.296145 1206.523752 1447.511278 1469.576137 1130.939155 1136.531838 1527.164456 1085.110809 1585.328095 1662.245291 1823.072888 1790.328094 684.0853020 1945.113781 889.8815380 2093.352454 2220.168507 2455.214947 2632.446948 2812.768667 5.896171160e-07 3013.303284 3259.513348 109.6694112 3581.768953 3999.726620 4030.949504 4397.341047 4689.278060 4888.517785 5192.070554 5518.659899 6352.221221 61677.74662 61004.28213 60685.19286 62224.53019 59770.88791 59123.78803 57956.36199 64285.79992 65265.52090 65383.54449 65937.50733 56181.04561 55691.25359 54524.09184 66993.20886 53343.57496 52942.02818 52528.49658 67739.34054 68519.86368 45437.94480 71858.16607 76202.65315 89559.83528 101509.4611 123247.0254 189585.6891 6878921.361 2.479800101e-06 2.479800101e-06
      sorted:	 5.896171160e-07 2.479800101e-06 2.479800101e-06 109.6694112 684.0853020 889.8815380 1085.110809 1130.939155 1136.531838 1206.523752 1241.296145 1254.551636 1272.580126 1314.577224 1328.286994 1353.030864 1372.798628 1447.511278 1469.576137 1527.164456 1585.328095 1662.245291 1790.328094 1823.072888 1945.113781 2093.352454 2220.168507 2455.214947 2632.446948 2812.768667 3013.303284 3259.513348 3581.768953 3999.726620 4030.949504 4397.341047 4689.278060 4888.517785 5192.070554 5518.659899 6352.221221 45437.94480 52528.49658 52942.02818 53343.57496 54524.09184 55691.25359 56181.04561 57956.36199 59123.78803 59770.88791 60685.19286 61004.28213 61677.74662 62224.53019 64285.79992 65265.52090 65383.54449 65937.50733 66993.20886 67739.34054 68519.86368 71858.16607 76202.65315 89559.83528 101509.4611 123247.0254 189585.6891 6878921.361
