    unsorted:	 0.000000000 476.7358981 476.7358770 476.7359242 2484.084558 2487.366127 2475.077552 2433.955364 2614.549834 2363.455695 2333.007589 2281.792823 2591.840548 2191.276978 2685.071787 2115.109294 2778.632420 2940.404108 2969.507938 1992.871796 1855.728032 1801.997460 1722.257046 3250.857704 3304.181114 1488.099327 1393.289531 3720.707684 3686.639462 1009.644334 1104.669813 4128.522855 4305.931637 4762.462940 4684.437214 4813.683522 4967.564344 5020.321694 1.106012327e-05 59.65562758 35643.40038 37054.02476 37775.08883 38892.68793 39978.54707 40711.40024 41712.77257 42191.99267 32613.19147 31038.21224 44502.23099 46917.21529 26252.07779 22934.77146 48786.35777 51228.30589 53345.09804 56620.33171 58992.48615 63734.25575 67209.18797 67985.12585 70926.75007 82460.81370 99131.67074 153893.4313 179732.8944 2.479800101e-06 2.479800101e-06
      sorted:	 0.000000000 2.479800101e-06 2.479800101e-06 1.106012327e-05 59.65562758 476.7358770 476.7358981 476.7359242 1009.644334 1104.669813 1393.289531 1488.099327 1722.257046 1801.997460 1855.728032 1992.871796 2115.109294 2191.276978 2281.792823 2333.007589 2363.455695 2433.955364 2475.077552 2484.084558 2487.366127 2591.840548 2614.549834 2685.071787 2778.632420 2940.404108 2969.507938 3250.857704 3304.181114 3686.639462 3720.707684 4128.522855 4305.931637 4684.437214 4762.462940 4813.683522 4967.564344 5020.321694 22934.77146 26252.07779 31038.21224 32613.19147 35643.40038 37054.02476 37775.08883 38892.68793 39978.54707 40711.40024 41712.77257 42191.99267 44502.23099 46917.21529 48786.35777 51228.30589 53345.09804 56620.33171 58992.48615 63734.25575 67209.18797 67985.12585 70926.75007 82460.81370 99131.67074 153893.4313 179732.8944
