    unsorted:	 1285.842960 1298.501115 1252.638234 1319.200004 1194.578807 1109.909597 1130.727334 1080.467841 1391.590648 1001.653821 923.9693542 1467.998807 775.8677504 742.5646860 732.4973442 676.2639556 613.7167950 594.7775640 536.5593526 1571.362805 1594.050527 489.5917956 432.8978160 315.7406415 1931.813519 2061.712225 2193.669786 121.8639498 36.24556310 2520.624070 2624.853816 2793.611545 2896.545980 3001.496183 3042.261564 3186.088717 3367.791053 3430.660690 3482.787480 8298.183188 33557.47329 33746.84520 34637.31513 32361.81523 36415.07258 36932.96921 30145.33194 28093.06136 27904.49033 39082.92233 39473.45731 40458.18448 41162.52349 41765.54297 25179.82942 46083.61192 48235.58328 48954.85748 49478.43932 52203.73323 61214.51611 63995.04362 83335.74936 89274.14953 114348.9860 125646.7912 188932.6378 2.479800101e-06 2.479800101e-06
      sorted:	 2.479800101e-06 2.479800101e-06 36.24556310 121.8639498 315.7406415 432.8978160 489.5917956 536.5593526 594.7775640 613.7167950 676.2639556 732.4973442 742.5646860 775.8677504 923.9693542 1001.653821 1080.467841 1109.909597 1130.727334 1194.578807 1252.638234 1285.842960 1298.501115 1319.200004 1391.590648 1467.998807 1571.362805 1594.050527 1931.813519 2061.712225 2193.669786 2520.624070 2624.853816 2793.611545 2896.545980 3001.496183 3042.261564 3186.088717 3367.791053 3430.660690 3482.787480 8298.183188 25179.82942 27904.49033 28093.06136 30145.33194 32361.81523 33557.47329 33746.84520 34637.31513 36415.07258 36932.96921 39082.92233 39473.45731 40458.18448 41162.52349 41765.54297 46083.61192 48235.58328 48954.85748 49478.43932 52203.73323 61214.51611 63995.04362 83335.74936 89274.14953 114348.9860 125646.7912 188932.6378
