    unsorted:	 670.2128428 673.2484393 638.7565638 598.4161830 575.3184644 557.8354821 535.0400714 508.1938490 488.0248373 463.0099840 458.4397837 426.9244122 738.4776035 373.7997703 344.1426384 946.7663473 941.1561719 903.1763456 976.3522556 995.4751905 1013.687928 303.8810375 1135.090888 1200.498025 164.9136568 68.13833703 1490.637872 1575.866731 1938.933581 2366.264472 2596.353620 2901.275027 2778.927456 2982.023792 3125.058100 3349.620327 3468.217198 3569.722432 3840.244191 9000.174083 25174.94494 24977.58668 24395.00991 23591.37553 26385.90288 26870.79120 28293.40595 28770.51504 30632.47692 32764.55425 33872.12373 35009.86404 36368.82112 38245.99086 44098.20480 47325.52099 50577.55183 54225.25369 64194.32695 73120.01657 84575.57821 107167.0008 116936.2227 141190.8083 158968.8149 185498.2086 189040.2283 2.479800101e-06 2.479800101e-06
      sorted:	 2.479800101e-06 2.479800101e-06 68.13833703 164.9136568 303.8810375 344.1426384 373.7997703 426.9244122 458.4397837 463.0099840 488.0248373 508.1938490 535.0400714 557.8354821 575.3184644 598.4161830 638.7565638 670.2128428 673.2484393 738.4776035 903.1763456 941.1561719 946.7663473 976.3522556 995.4751905 1013.687928 1135.090888 1200.498025 1490.637872 1575.866731 1938.933581 2366.264472 2596.353620 2778.927456 2901.275027 2982.023792 3125.058100 3349.620327 3468.217198 3569.722432 3840.244191 9000.174083 23591.37553 24395.00991 24977.58668 25174.94494 26385.90288 26870.79120 28293.40595 28770.51504 30632.47692 32764.55425 33872.12373 35009.86404 36368.82112 38245.99086 44098.20480 47325.52099 50577.55183 54225.25369 64194.32695 73120.01657 84575.57821 107167.0008 116936.2227 141190.8083 158968.8149 185498.2086 189040.2283
