    unsorted:	 2399.942416 2404.925253 2433.825087 2349.300401 2275.825524 2279.182293 2490.881576 2534.466887 2193.803649 2576.571143 2101.664853 2102.961733 2730.424920 1998.477648 2866.762213 2888.462975 1851.753332 1789.370723 1711.165734 3132.059090 519.2367893 519.2367890 1479.067888 1391.218717 3276.396200 3611.127001 3578.525478 1066.116588 977.5620304 3913.050193 4163.055929 4610.933380 4635.174149 4555.879255 4777.362891 4905.693011 293.2542606 61.54095122 -288.3533212 37268.47467 37590.35411 38635.60889 39450.09583 40066.08388 35465.87219 41180.38241 41728.56418 32316.38135 30847.38385 44379.74589 26283.25370 23208.02164 46516.96332 48879.21935 51982.44317 54160.98456 57013.39477 58757.59848 63415.22143 65454.14194 68117.08711 70475.55185 82873.82663 99357.22332 148323.9734 181590.7198 1.863027965e+15 2.479800101e-06 2.479800101e-06
      sorted:	 -288.3533212 2.479800101e-06 2.479800101e-06 61.54095122 293.2542606 519.2367890 519.2367893 977.5620304 1066.116588 1391.218717 1479.067888 1711.165734 1789.370723 1851.753332 1998.477648 2101.664853 2102.961733 2193.803649 2275.825524 2279.182293 2349.300401 2399.942416 2404.925253 2433.825087 2490.881576 2534.466887 2576.571143 2730.424920 2866.762213 2888.462975 3132.059090 3276.396200 3578.525478 3611.127001 3913.050193 4163.055929 4555.879255 4610.933380 4635.174149 4777.362891 4905.693011 23208.02164 26283.25370 30847.38385 32316.38135 35465.87219 37268.47467 37590.35411 38635.60889 39450.09583 40066.08388 41180.38241 41728.56418 44379.74589 46516.96332 48879.21935 51982.44317 54160.98456 57013.39477 58757.59848 63415.22143 65454.14194 68117.08711 70475.55185 82873.82663 99357.22332 148323.9734 181590.7198 1.863027965e+15
