    unsorted:	 0.000000000 685.0642147 685.0642146 1501.476643 1531.347540 1459.060244 1440.957856 1415.008336 1564.121989 1372.105931 1294.016389 1311.927714 1259.426659 1755.659994 1820.800127 2053.573972 2027.550854 2088.334565 2239.294628 2367.414313 2405.177788 2437.236985 2571.329516 2660.360227 2722.622775 2873.762311 2885.404814 2978.357569 3106.638920 3237.992832 3257.944454 3424.563976 3572.069178 3622.627126 3697.390135 3838.432068 3959.056241 5.516707464e-06 114.6064778 4699.901030 35675.83300 36068.66807 34732.91990 37130.11850 38006.98546 33232.69848 32351.18982 30874.23418 29730.11304 42366.82985 42199.37317 40865.75162 43180.54207 44160.26755 44803.72840 46786.76634 22397.85259 48983.62413 49457.15565 51656.49757 55396.45049 60802.92874 68626.50122 82280.12287 98282.78884 114328.7698 189637.8218 2.479800101e-06 2.479800101e-06
      sorted:	 0.000000000 2.479800101e-06 2.479800101e-06 5.516707464e-06 114.6064778 685.0642146 685.0642147 1259.426659 1294.016389 1311.927714 1372.105931 1415.008336 1440.957856 1459.060244 1501.476643 1531.347540 1564.121989 1755.659994 1820.800127 2027.550854 2053.573972 2088.334565 2239.294628 2367.414313 2405.177788 2437.236985 2571.329516 2660.360227 2722.622775 2873.762311 2885.404814 2978.357569 3106.638920 3237.992832 3257.944454 3424.563976 3572.069178 3622.627126 3697.390135 3838.432068 3959.056241 4699.901030 22397.85259 29730.11304 30874.23418 32351.18982 33232.69848 34732.91990 35675.83300 36068.66807 37130.11850 38006.98546 40865.75162 42199.37317 42366.82985 43180.54207 44160.26755 44803.72840 46786.76634 48983.62413 49457.15565 51656.49757 55396.45049 60802.92874 68626.50122 82280.12287 98282.78884 114328.7698 189637.8218
