    unsorted:	 454.9255029 454.9255029 2525.661359 2528.006038 2475.845503 2472.907782 2406.350839 2325.598017 2336.567108 2653.753795 2623.393956 2236.048494 2735.077242 2777.172188 2106.080628 2957.255514 3001.204001 1981.315693 1847.169291 1798.246555 1716.018918 3283.729470 3307.459393 1483.600399 1384.723208 3750.776226 3714.109781 451.5136825 1099.707289 1005.490761 4212.865404 4350.219138 4715.724651 4818.053016 4875.211278 5034.906216 5074.329768 -1.510737537 58.40682943 35775.76148 36904.86917 37892.11010 39057.27480 40274.57560 41028.68962 42028.86039 42445.77310 32753.30801 31127.82593 44549.37072 47035.23138 26278.25507 22700.30520 48763.84286 50824.45546 53009.94955 56679.89966 59156.95438 64010.15286 67681.63257 68209.85736 71680.67967 82411.66351 99063.02951 156917.2571 178858.0319 5.394784991e+12 2.479800101e-06 2.479800101e-06
      sorted:	 -1.510737537 2.479800101e-06 2.479800101e-06 58.40682943 451.5136825 454.9255029 454.9255029 1005.490761 1099.707289 1384.723208 1483.600399 1716.018918 1798.246555 1847.169291 1981.315693 2106.080628 2236.048494 2325.598017 2336.567108 2406.350839 2472.907782 2475.845503 2525.661359 2528.006038 2623.393956 2653.753795 2735.077242 2777.172188 2957.255514 3001.204001 3283.729470 3307.459393 3714.109781 3750.776226 4212.865404 4350.219138 4715.724651 4818.053016 4875.211278 5034.906216 5074.329768 22700.30520 26278.25507 31127.82593 32753.30801 35775.76148 36904.86917 37892.11010 39057.27480 40274.57560 41028.68962 42028.86039 42445.77310 44549.37072 47035.23138 48763.84286 50824.45546 53009.94955 56679.89966 59156.95438 64010.15286 67681.63257 68209.85736 71680.67967 82411.66351 99063.02951 156917.2571 178858.0319 5.394784991e+12
