    unsorted:	 673.5385165 1232.905508 1211.664208 1199.717917 1254.004121 1271.065583 1155.907074 1095.196951 1043.553910 1405.152911 1391.947664 932.0733551 813.7245950 745.6470620 717.9954279 555.0211724 582.5119536 546.1303134 458.6388823 417.1515870 349.9661372 1540.871455 294.7591247 266.0059197 -1.960072178e-07 118.3030501 1893.733756 2017.065492 2138.848890 2547.032761 2639.874835 2850.293135 2876.281961 3013.767411 3065.979817 3206.437577 3388.671595 3455.083307 3482.023037 32576.28998 32051.97109 33433.50902 34160.43259 34874.39977 36033.51907 36860.10117 27782.62538 28059.06070 38783.79637 39848.52731 40487.00661 41140.79505 25752.65708 23579.77367 47726.95429 48899.68672 49976.13398 50752.30017 55843.52264 64185.08153 65582.01709 89350.33046 93064.37087 117615.8671 133526.9729 188617.7061 236624.4769 2.479800101e-06 2.479800101e-06
      sorted:	 -1.960072178e-07 2.479800101e-06 2.479800101e-06 118.3030501 266.0059197 294.7591247 349.9661372 417.1515870 458.6388823 546.1303134 555.0211724 582.5119536 673.5385165 717.9954279 745.6470620 813.7245950 932.0733551 1043.553910 1095.196951 1155.907074 1199.717917 1211.664208 1232.905508 1254.004121 1271.065583 1391.947664 1405.152911 1540.871455 1893.733756 2017.065492 2138.848890 2547.032761 2639.874835 2850.293135 2876.281961 3013.767411 3065.979817 3206.437577 3388.671595 3455.083307 3482.023037 23579.77367 25752.65708 27782.62538 28059.06070 32051.97109 32576.28998 33433.50902 34160.43259 34874.39977 36033.51907 36860.10117 38783.79637 39848.52731 40487.00661 41140.79505 47726.95429 48899.68672 49976.13398 50752.30017 55843.52264 64185.08153 65582.01709 89350.33046 93064.37087 117615.8671 133526.9729 188617.7061 236624.4769
