    unsorted:	 0.000000000 345.7914645 345.7914761 345.7914472 2720.488182 2723.173957 2675.263304 2613.133972 2609.334973 2539.794068 2555.642306 2456.637231 2836.931928 2882.430153 2931.641721 2275.692406 2240.864727 3083.623710 3114.893941 1937.229854 1857.069570 1724.431758 1708.028997 1588.817479 3327.285742 1412.391402 1265.859032 3619.681103 3675.703934 1021.347683 927.7086078 4285.523763 4443.601475 4608.133170 1.074589196e-05 4888.709034 4917.314539 5104.961921 58.45763277 5308.938033 43606.11387 43926.75709 44696.69446 42516.54000 41538.07249 39824.01967 38493.61121 36936.26281 35765.27942 46216.24091 33364.82666 31548.67832 49454.40358 50188.89465 52274.64828 26000.59346 21123.06496 58141.98817 60908.35910 65871.90080 67008.57986 74662.57100 77951.10589 83911.46520 99184.67470 170884.5670 180329.5658 2.479800101e-06 2.479800101e-06
      sorted:	 0.000000000 2.479800101e-06 2.479800101e-06 1.074589196e-05 58.45763277 345.7914472 345.7914645 345.7914761 927.7086078 1021.347683 1265.859032 1412.391402 1588.817479 1708.028997 1724.431758 1857.069570 1937.229854 2240.864727 2275.692406 2456.637231 2539.794068 2555.642306 2609.334973 2613.133972 2675.263304 2720.488182 2723.173957 2836.931928 2882.430153 2931.641721 3083.623710 3114.893941 3327.285742 3619.681103 3675.703934 4285.523763 4443.601475 4608.133170 4888.709034 4917.314539 5104.961921 5308.938033 21123.06496 26000.59346 31548.67832 33364.82666 35765.27942 36936.26281 38493.61121 39824.01967 41538.07249 42516.54000 43606.11387 43926.75709 44696.69446 46216.24091 49454.40358 50188.89465 52274.64828 58141.98817 60908.35910 65871.90080 67008.57986 74662.57100 77951.10589 83911.46520 99184.67470 170884.5670 180329.5658
