    unsorted:	 1479.546167 1507.536618 1523.790488 1453.744367 1550.250650 1419.854491 1590.443359 1321.536733 1350.386125 1727.148300 1273.458281 1833.896681 1862.118057 2020.748141 2069.209655 2111.340316 2148.383569 2297.383296 2389.128942 2542.541782 2629.232039 2727.056007 2824.606904 2938.527979 3072.094187 3083.410080 3217.851210 680.2083602 895.3954423 3701.110273 3773.393655 3861.106880 3975.661340 4.305110437e-07 4252.589544 4371.528554 4547.268988 4735.004622 68.49194069 40206.11786 40485.91768 39588.32370 41807.62222 37984.02343 36924.79662 36168.47832 35416.42302 44174.70639 44765.17447 45390.49464 46133.80132 46767.30885 33349.89026 48296.38549 48989.27665 50227.78126 30258.99363 51639.43191 25620.15521 54268.76049 56280.45902 62174.37074 66311.24793 82799.83396 94141.60255 112740.5168 189536.2855 2.479800101e-06 2.479800101e-06
      sorted:	 4.305110437e-07 2.479800101e-06 2.479800101e-06 68.49194069 680.2083602 895.3954423 1273.458281 1321.536733 1350.386125 1419.854491 1453.744367 1479.546167 1507.536618 1523.790488 1550.250650 1590.443359 1727.148300 1833.896681 1862.118057 2020.748141 2069.209655 2111.340316 2148.383569 2297.383296 2389.128942 2542.541782 2629.232039 2727.056007 2824.606904 2938.527979 3072.094187 3083.410080 3217.851210 3701.110273 3773.393655 3861.106880 3975.661340 4252.589544 4371.528554 4547.268988 4735.004622 25620.15521 30258.99363 33349.89026 35416.42302 36168.47832 36924.79662 37984.02343 39588.32370 40206.11786 40485.91768 41807.62222 44174.70639 44765.17447 45390.49464 46133.80132 46767.30885 48296.38549 48989.27665 50227.78126 51639.43191 54268.76049 56280.45902 62174.37074 66311.24793 82799.83396 94141.60255 112740.5168 189536.2855
